TP_TYPE 3
13.929 -13.328 -13.882 0.120 -0.674 0.000 0.000 0.000 
13.697 -15.186 -11.077 0.013 -0.680 0.000 0.004 -0.005 
12.929 -15.759 -12.042 0.010 -0.681 -0.014 0.011 -0.021 
11.676 -15.134 -16.239 0.108 -0.678 -0.029 0.017 -0.036 
11.687 -16.999 -13.414 0.023 -0.686 -0.044 0.024 -0.053 
11.129 -18.172 -12.908 0.017 -0.691 -0.055 0.029 -0.062 
10.530 -19.536 -11.893 0.010 -0.705 -0.051 0.030 -0.043 
9.604 -21.410 -10.243 -0.007 -0.724 -0.048 0.031 -0.024 
8.324 -22.934 -10.166 -0.014 -0.745 -0.044 0.032 -0.005 
7.150 -24.029 -10.155 -0.032 -0.767 -0.041 0.032 0.014 
6.195 -24.480 -10.537 -0.053 -0.788 -0.035 0.035 0.018 
5.514 -23.575 -13.112 -0.025 -0.790 -0.028 0.038 0.019 
5.133 -23.025 -13.828 -0.021 -0.792 -0.022 0.041 0.019 
5.028 -22.148 -14.565 -0.028 -0.795 -0.015 0.045 0.020 
5.646 -20.522 -15.669 -0.014 -0.778 -0.011 0.043 0.019 
6.620 -19.122 -15.783 -0.013 -0.760 -0.009 0.037 0.016 
7.239 -18.241 -15.979 -0.013 -0.754 -0.007 0.032 0.014 
7.473 -17.940 -16.612 -0.016 -0.757 -0.004 0.026 0.011 
7.688 -17.950 -16.948 -0.014 -0.756 -0.003 0.024 0.009 
7.850 -18.058 -17.543 0.005 -0.751 -0.003 0.028 0.007 
8.083 -18.624 -17.210 -0.004 -0.753 -0.003 0.032 0.005 
8.132 -19.555 -16.746 -0.012 -0.759 -0.003 0.036 0.002 
8.507 -20.570 -15.268 -0.032 -0.764 -0.003 0.039 0.002 
8.760 -21.236 -15.157 -0.031 -0.765 0.000 0.038 0.010 
9.102 -21.723 -15.196 -0.026 -0.765 0.003 0.036 0.017 
9.099 -22.322 -15.701 -0.026 -0.772 0.006 0.035 0.025 
9.108 -22.139 -17.560 -0.009 -0.768 0.009 0.034 0.033 
8.641 -22.622 -18.094 -0.026 -0.780 0.008 0.035 0.034 
8.507 -22.148 -18.927 -0.017 -0.773 0.005 0.036 0.033 
8.111 -22.055 -19.073 -0.021 -0.772 0.003 0.037 0.032 
7.738 -22.345 -18.694 -0.032 -0.777 0.000 0.038 0.031 
7.681 -22.533 -18.369 -0.037 -0.777 0.001 0.040 0.030 
7.703 -22.536 -18.997 -0.018 -0.772 0.007 0.041 0.029 
7.558 -23.645 -17.800 -0.046 -0.786 0.013 0.042 0.028 
7.570 -23.741 -18.609 -0.021 -0.780 0.018 0.044 0.027 
7.524 -24.038 -19.006 -0.013 -0.779 0.023 0.045 0.027 
7.388 -24.530 -18.483 -0.028 -0.784 0.021 0.045 0.028 
7.369 -24.435 -18.587 -0.025 -0.783 0.019 0.045 0.029 
7.399 -24.002 -19.134 -0.020 -0.779 0.017 0.044 0.031 
7.239 -24.047 -19.095 -0.034 -0.784 0.016 0.044 0.032 
7.374 -23.312 -20.385 -0.009 -0.774 0.012 0.044 0.031 
7.374 -23.164 -20.749 -0.011 -0.774 0.008 0.043 0.030 
7.275 -23.500 -20.435 -0.027 -0.779 0.004 0.043 0.030 
7.204 -23.560 -20.700 -0.022 -0.776 0.000 0.043 0.029 
7.207 -23.757 -20.415 -0.027 -0.775 -0.002 0.042 0.028 
7.116 -24.157 -19.976 -0.037 -0.780 -0.003 0.040 0.028 
7.282 -23.911 -20.821 -0.011 -0.771 -0.004 0.039 0.028 
7.149 -24.664 -20.062 -0.036 -0.779 -0.005 0.038 0.027 
7.302 -24.510 -20.888 -0.012 -0.770 -0.003 0.038 0.028 
7.314 -24.827 -21.005 -0.018 -0.772 0.003 0.041 0.032 
7.188 -25.314 -20.969 -0.037 -0.780 0.009 0.044 0.035 
7.433 -24.888 -21.890 -0.028 -0.774 0.016 0.047 0.038 
7.638 -24.534 -22.462 -0.024 -0.767 0.022 0.050 0.041 
7.902 -24.170 -23.053 -0.017 -0.763 0.024 0.053 0.043 
8.326 -23.779 -23.132 -0.027 -0.760 0.025 0.055 0.045 
9.115 -23.088 -23.481 -0.025 -0.752 0.027 0.058 0.047 
10.126 -22.123 -24.136 -0.013 -0.739 0.029 0.061 0.048 
10.801 -21.629 -24.744 -0.007 -0.734 0.026 0.063 0.046 
11.450 -21.446 -24.673 -0.009 -0.731 0.023 0.064 0.042 
11.857 -21.689 -24.474 -0.011 -0.730 0.019 0.065 0.038 
12.403 -21.798 -24.182 -0.016 -0.728 0.016 0.066 0.034 
12.821 -22.011 -23.865 -0.024 -0.728 0.017 0.071 0.035 
13.361 -21.690 -24.329 -0.014 -0.720 0.022 0.078 0.040 
13.710 -21.633 -24.549 -0.016 -0.719 0.027 0.085 0.045 
14.095 -21.294 -25.148 -0.007 -0.713 0.032 0.093 0.051 
14.420 -21.314 -24.884 -0.022 -0.715 0.036 0.098 0.052 
14.907 -20.635 -25.540 -0.008 -0.706 0.039 0.099 0.048 
15.516 -20.442 -24.931 -0.024 -0.705 0.041 0.101 0.044 
15.962 -20.072 -25.103 -0.019 -0.699 0.044 0.103 0.040 
16.581 -19.697 -24.594 -0.031 -0.695 0.047 0.104 0.035 
17.015 -19.005 -25.334 -0.009 -0.687 0.040 0.105 0.031 
17.386 -18.807 -25.103 -0.013 -0.684 0.031 0.107 0.027 
17.510 -18.722 -25.213 -0.012 -0.683 0.023 0.108 0.022 
17.800 -18.264 -25.645 -0.002 -0.675 0.015 0.109 0.018 
17.775 -18.537 -25.499 -0.008 -0.679 0.005 0.111 0.020 
17.838 -18.641 -25.637 -0.010 -0.680 -0.006 0.112 0.023 
17.767 -18.485 -26.602 0.009 -0.676 -0.018 0.113 0.027 
17.808 -18.924 -26.327 -0.008 -0.682 -0.028 0.115 0.030 
17.807 -18.805 -27.288 0.009 -0.682 -0.026 0.114 0.036 
18.086 -18.771 -27.463 0.005 -0.681 -0.013 0.111 0.044 
18.407 -18.404 -28.191 0.023 -0.674 0.001 0.109 0.052 
18.829 -18.417 -27.857 0.006 -0.677 0.014 0.106 0.060 
19.349 -17.862 -28.266 0.015 -0.667 0.023 0.098 0.061 
19.942 -17.302 -28.392 0.020 -0.659 0.026 0.083 0.053 
20.314 -17.365 -27.904 0.004 -0.662 0.028 0.067 0.044 
20.668 -17.055 -28.352 0.023 -0.650 0.031 0.051 0.036 
20.908 -17.606 -27.615 0.010 -0.654 0.033 0.035 0.027 
21.083 -17.944 -27.396 0.015 -0.653 0.019 0.038 0.025 
21.310 -18.027 -27.172 0.020 -0.650 0.006 0.040 0.023 
21.531 -18.077 -26.877 0.024 -0.644 -0.008 0.043 0.020 
21.391 -18.923 -25.982 0.008 -0.653 -0.022 0.046 0.018 
21.272 -19.110 -26.038 0.017 -0.654 -0.030 0.050 0.013 
21.510 -19.122 -25.509 0.012 -0.655 -0.038 0.055 0.008 
21.421 -19.316 -25.339 0.014 -0.657 -0.046 0.059 0.002 
21.508 -19.382 -25.137 0.010 -0.657 -0.053 0.064 -0.002 
21.590 -19.601 -24.719 0.007 -0.658 -0.098 0.075 -0.019 
21.766 -19.827 -24.137 -0.014 -0.665 -0.184 0.094 -0.049 
21.835 -19.503 -25.361 0.007 -0.661 -0.271 0.112 -0.079 
22.034 -19.385 -26.038 0.013 -0.659 -0.359 0.132 -0.110 
22.437 -19.029 -26.648 0.023 -0.654 -0.427 0.152 -0.134 
22.689 -19.353 -26.736 0.016 -0.657 -0.422 0.178 -0.135 
22.993 -19.595 -26.892 0.015 -0.657 -0.417 0.204 -0.136 
23.395 -19.148 -28.045 0.035 -0.646 -0.412 0.230 -0.137 
23.519 -19.489 -28.473 0.034 -0.644 -0.406 0.256 -0.137 
23.506 -20.364 -28.320 0.020 -0.653 -0.306 0.237 -0.124 
23.598 -20.512 -28.948 0.027 -0.649 -0.185 0.206 -0.107 
23.613 -20.796 -29.134 0.031 -0.651 -0.066 0.177 -0.090 
23.743 -20.698 -28.983 0.031 -0.648 0.056 0.146 -0.073 
23.678 -20.377 -29.403 0.049 -0.644 -0.054 0.153 -0.088 
23.690 -20.501 -28.842 0.039 -0.647 -0.300 0.182 -0.122 
23.699 -20.624 -28.732 0.037 -0.649 -0.552 0.211 -0.156 
23.716 -20.509 -29.289 0.053 -0.647 -0.804 0.241 -0.191 
23.908 -20.917 -28.442 0.028 -0.652 -0.776 0.256 -0.201 
23.935 -20.660 -28.868 0.039 -0.648 -0.351 0.253 -0.176 
23.960 -20.649 -28.859 0.035 -0.651 0.073 0.249 -0.152 
23.935 -20.553 -29.218 0.035 -0.648 0.488 0.246 -0.128 
24.060 -20.333 -29.179 0.029 -0.647 0.923 0.243 -0.102 
24.147 -19.869 -29.700 0.045 -0.639 0.748 0.221 -0.102 
24.090 -19.853 -29.713 0.051 -0.639 0.585 0.201 -0.102 
23.993 -20.198 -29.195 0.040 -0.645 0.414 0.180 -0.102 
23.675 -20.843 -28.516 0.026 -0.657 0.247 0.159 -0.102 
23.024 -21.597 -27.565 0.018 -0.666 0.273 0.157 -0.070 
23.012 -21.397 -27.682 0.025 -0.662 0.324 0.158 -0.045 
23.027 -21.323 -27.756 0.026 -0.662 0.388 0.160 -0.012 
23.016 -21.115 -27.979 0.034 -0.660 0.451 0.162 0.019 
22.976 -20.963 -28.155 0.039 -0.660 0.480 0.150 0.052 
23.031 -20.559 -28.482 0.052 -0.655 0.451 0.115 0.084 
22.999 -20.988 -27.752 0.033 -0.665 0.420 0.079 0.118 
23.029 -21.111 -27.225 0.024 -0.668 0.391 0.045 0.150 
22.968 -21.191 -26.261 0.019 -0.671 0.362 0.020 0.174 
23.403 -20.336 -24.927 0.041 -0.661 0.329 0.042 0.154 
24.009 -19.492 -22.029 0.022 -0.656 0.295 0.065 0.135 
24.039 -18.525 -21.011 0.022 -0.651 0.264 0.085 0.116 
23.676 -18.496 -19.637 -0.012 -0.659 0.232 0.107 0.097 
23.119 -17.653 -20.529 0.009 -0.653 0.220 0.099 0.099 
22.823 -17.241 -20.770 0.003 -0.655 0.208 0.092 0.101 
22.469 -17.478 -20.874 -0.018 -0.664 0.196 0.085 0.103 
22.280 -17.087 -22.324 0.005 -0.656 0.184 0.077 0.105 
22.087 -17.634 -22.278 -0.006 -0.663 0.274 0.078 0.137 
22.259 -17.199 -23.434 0.017 -0.657 0.393 0.082 0.178 
22.336 -17.188 -23.716 0.019 -0.658 0.512 0.086 0.219 
22.947 -16.766 -22.719 0.013 -0.657 0.640 0.090 0.263 
23.838 -16.103 -21.116 -0.000 -0.654 0.660 0.092 0.274 
24.244 -15.591 -20.403 0.007 -0.652 0.543 0.091 0.244 
24.796 -15.362 -18.085 -0.007 -0.650 0.425 0.090 0.214 
24.841 -15.685 -16.364 -0.033 -0.655 0.316 0.090 0.186 
24.741 -15.624 -16.765 -0.023 -0.648 0.211 0.089 0.157 
24.614 -15.619 -17.594 -0.005 -0.645 0.191 0.089 0.128 
24.690 -15.994 -17.114 -0.016 -0.648 0.172 0.089 0.101 
24.497 -16.281 -17.355 -0.020 -0.651 0.153 0.089 0.071 
23.862 -16.349 -18.764 -0.026 -0.654 0.134 0.089 0.044 
23.150 -16.052 -21.514 0.003 -0.655 0.198 0.074 0.076 
22.730 -15.934 -22.566 -0.000 -0.659 0.261 0.060 0.107 
22.277 -16.054 -23.715 0.001 -0.662 0.326 0.044 0.140 
22.629 -15.950 -23.156 -0.007 -0.659 0.387 0.030 0.170 
23.522 -15.700 -21.432 -0.007 -0.654 0.367 0.036 0.173 
24.420 -15.897 -19.188 -0.028 -0.653 0.289 0.057 0.156 
25.318 -15.587 -18.095 -0.014 -0.646 0.213 0.077 0.139 
25.712 -15.473 -18.044 -0.014 -0.645 0.136 0.098 0.122 
25.831 -15.297 -18.778 -0.018 -0.645 0.105 0.108 0.111 
25.422 -15.478 -19.653 -0.023 -0.646 0.143 0.100 0.107 
25.096 -15.697 -19.872 -0.023 -0.649 0.184 0.093 0.104 
24.789 -15.285 -20.912 0.002 -0.641 0.223 0.086 0.100 
24.547 -15.643 -20.359 -0.014 -0.652 0.259 0.080 0.098 
24.658 -15.006 -20.468 -0.004 -0.642 0.283 0.080 0.099 
24.443 -15.230 -20.272 -0.009 -0.647 0.306 0.079 0.101 
24.357 -15.062 -20.470 -0.005 -0.645 0.330 0.079 0.102 
24.282 -14.977 -20.704 -0.001 -0.645 0.355 0.079 0.104 
24.329 -15.006 -20.575 -0.003 -0.645 0.336 0.075 0.096 
24.397 -15.111 -20.209 -0.012 -0.648 0.308 0.070 0.087 
24.342 -15.096 -20.293 -0.002 -0.646 0.278 0.065 0.078 
24.077 -15.629 -19.663 -0.017 -0.654 0.249 0.060 0.069 
23.705 -15.688 -20.073 -0.003 -0.651 0.250 0.060 0.066 
23.418 -15.796 -20.118 0.002 -0.656 0.270 0.062 0.067 
23.210 -15.759 -19.947 -0.006 -0.660 0.292 0.063 0.067 
22.858 -15.550 -20.137 -0.011 -0.660 0.312 0.065 0.068 
22.384 -15.607 -20.010 -0.021 -0.665 0.328 0.066 0.068 
22.139 -15.312 -20.034 -0.023 -0.664 0.315 0.063 0.064 
21.806 -14.879 -21.246 0.002 -0.662 0.303 0.060 0.060 
21.552 -15.184 -20.911 -0.012 -0.665 0.290 0.057 0.055 
21.406 -15.473 -20.589 -0.018 -0.667 0.278 0.054 0.051 
21.365 -15.776 -20.223 -0.028 -0.671 0.266 0.049 0.053 
21.316 -15.480 -21.270 0.003 -0.663 0.254 0.043 0.057 
21.223 -15.751 -21.205 -0.001 -0.665 0.241 0.038 0.061 
21.113 -15.792 -21.417 0.004 -0.665 0.229 0.032 0.064 
20.836 -16.051 -21.234 -0.001 -0.666 0.219 0.029 0.061 
20.476 -16.137 -21.199 0.003 -0.668 0.211 0.029 0.054 
20.295 -15.987 -20.837 0.001 -0.668 0.203 0.028 0.046 
20.225 -15.263 -21.018 0.008 -0.667 0.196 0.027 0.038 
19.850 -15.297 -20.315 -0.014 -0.672 0.226 0.033 0.035 
19.308 -15.112 -21.178 0.004 -0.671 0.303 0.048 0.039 
18.893 -15.541 -21.036 -0.011 -0.680 0.383 0.064 0.044 
18.832 -15.636 -20.980 -0.014 -0.683 0.464 0.079 0.048 
18.929 -15.492 -21.103 -0.017 -0.683 0.544 0.095 0.052 
19.000 -15.162 -21.125 -0.020 -0.683 0.556 0.072 0.051 
18.861 -14.971 -20.914 -0.026 -0.684 0.569 0.049 0.049 
18.509 -14.628 -21.678 -0.009 -0.676 0.580 0.028 0.048 
18.145 -14.603 -22.397 0.005 -0.668 0.593 0.005 0.046 
17.900 -15.821 -21.414 -0.025 -0.676 0.486 0.001 0.051 
18.029 -16.816 -21.784 -0.021 -0.677 0.354 0.002 0.057 
18.582 -17.643 -22.122 -0.009 -0.674 0.215 0.002 0.064 
19.217 -18.525 -21.308 -0.013 -0.678 0.077 0.003 0.070 
19.758 -18.747 -20.855 -0.011 -0.678 0.099 0.015 0.079 
20.101 -18.654 -20.420 -0.016 -0.679 0.213 0.036 0.090 
20.518 -17.809 -20.328 -0.013 -0.679 0.327 0.056 0.102 
21.179 -16.288 -20.544 -0.005 -0.673 0.441 0.077 0.113 
21.603 -15.770 -19.633 -0.025 -0.680 0.512 0.089 0.119 
22.060 -14.828 -19.763 -0.006 -0.674 0.438 0.074 0.105 
22.198 -14.667 -19.698 0.002 -0.670 0.364 0.058 0.091 
22.006 -15.637 -18.836 -0.022 -0.679 0.292 0.043 0.078 
21.878 -16.003 -19.496 -0.003 -0.677 0.219 0.027 0.064 
21.981 -16.594 -19.220 -0.015 -0.679 0.250 0.033 0.070 
22.057 -16.954 -19.574 -0.008 -0.679 0.281 0.038 0.076 
22.095 -17.010 -20.278 0.005 -0.676 0.312 0.043 0.083 
22.266 -17.230 -19.807 -0.009 -0.683 0.342 0.049 0.089 
22.490 -17.020 -18.817 -0.025 -0.687 0.343 0.051 0.083 
22.482 -16.316 -18.880 -0.014 -0.687 0.336 0.052 0.075 
22.161 -16.015 -18.948 -0.013 -0.688 0.330 0.053 0.068 
21.820 -15.890 -18.811 -0.020 -0.688 0.324 0.054 0.061 
21.560 -15.718 -18.888 -0.019 -0.686 0.316 0.052 0.056 
21.245 -15.765 -19.380 -0.008 -0.686 0.307 0.047 0.055 
21.055 -16.072 -19.013 -0.020 -0.687 0.298 0.042 0.054 
20.832 -15.931 -19.747 0.001 -0.679 0.289 0.036 0.053 
20.533 -16.320 -19.841 -0.004 -0.683 0.286 0.032 0.053 
20.313 -16.776 -19.522 -0.020 -0.686 0.334 0.031 0.060 
20.171 -16.805 -19.768 -0.016 -0.684 0.388 0.031 0.068 
20.152 -16.477 -20.124 -0.006 -0.675 0.437 0.031 0.076 
20.001 -16.808 -19.369 -0.020 -0.683 0.488 0.031 0.084 
19.951 -16.501 -19.201 -0.016 -0.680 0.461 0.038 0.076 
19.836 -16.400 -18.535 -0.030 -0.683 0.437 0.044 0.070 
19.549 -16.175 -18.526 -0.029 -0.682 0.412 0.050 0.063 
19.156 -15.857 -19.257 -0.012 -0.675 0.385 0.057 0.056 
18.847 -16.036 -19.141 -0.018 -0.679 0.374 0.057 0.054 
18.680 -16.078 -19.195 -0.017 -0.678 0.374 0.053 0.055 
18.629 -16.112 -19.378 -0.011 -0.676 0.373 0.049 0.057 
18.686 -16.430 -19.027 -0.021 -0.681 0.372 0.045 0.058 
18.834 -16.433 -19.179 -0.017 -0.679 0.361 0.048 0.058 
18.969 -16.787 -18.710 -0.028 -0.685 0.335 0.061 0.058 
19.233 -16.148 -19.619 0.002 -0.673 0.309 0.073 0.057 
19.309 -16.187 -19.561 -0.000 -0.674 0.283 0.086 0.057 
19.290 -16.454 -19.143 -0.013 -0.683 0.258 0.098 0.056 
19.405 -16.287 -19.324 -0.011 -0.683 0.271 0.101 0.054 
19.640 -16.415 -18.753 -0.029 -0.686 0.284 0.104 0.052 
20.059 -15.820 -19.519 -0.003 -0.675 0.296 0.107 0.049 
20.395 -16.091 -18.898 -0.016 -0.679 0.309 0.110 0.047 
20.643 -16.412 -18.601 -0.028 -0.684 0.325 0.105 0.053 
20.888 -16.452 -18.817 -0.024 -0.682 0.343 0.097 0.061 
21.073 -16.697 -18.447 -0.035 -0.684 0.362 0.088 0.070 
21.209 -16.502 -19.166 -0.015 -0.680 0.379 0.080 0.078 
21.353 -16.414 -19.171 -0.014 -0.678 0.393 0.073 0.084 
21.427 -16.533 -18.666 -0.032 -0.683 0.387 0.070 0.085 
21.464 -16.112 -19.370 -0.012 -0.679 0.382 0.067 0.086 
21.660 -15.503 -19.683 0.000 -0.670 0.377 0.064 0.087 
21.645 -15.606 -19.589 -0.005 -0.671 0.372 0.061 0.088 
21.534 -16.028 -19.371 -0.017 -0.678 0.364 0.055 0.093 
21.613 -16.381 -18.818 -0.034 -0.680 0.357 0.049 0.098 
21.801 -16.173 -19.441 -0.012 -0.675 0.349 0.043 0.103 
22.027 -16.290 -19.053 -0.017 -0.675 0.341 0.036 0.108 
22.176 -16.401 -18.517 -0.026 -0.677 0.336 0.035 0.112 
22.344 -16.216 -18.243 -0.028 -0.673 0.332 0.037 0.115 
22.368 -15.888 -18.629 -0.013 -0.671 0.328 0.040 0.118 
22.450 -15.534 -18.817 -0.004 -0.668 0.324 0.042 0.121 
22.377 -16.106 -17.518 -0.037 -0.679 0.324 0.045 0.122 
22.278 -15.747 -17.896 -0.020 -0.671 0.333 0.048 0.120 
21.986 -15.783 -17.862 -0.018 -0.671 0.341 0.052 0.118 
21.561 -16.065 -17.304 -0.036 -0.677 0.350 0.056 0.116 
21.098 -15.839 -17.812 -0.025 -0.677 0.359 0.059 0.113 
20.724 -15.454 -18.126 -0.018 -0.673 0.369 0.058 0.105 
20.266 -15.381 -18.128 -0.019 -0.677 0.380 0.057 0.095 
19.908 -15.124 -18.269 -0.017 -0.675 0.391 0.056 0.086 
19.551 -14.976 -18.308 -0.017 -0.676 0.403 0.055 0.077 
19.215 -14.969 -17.995 -0.028 -0.680 0.413 0.053 0.076 
18.912 -14.220 -19.311 0.002 -0.670 0.423 0.052 0.075 
18.521 -14.211 -19.099 -0.006 -0.674 0.433 0.051 0.074 
18.212 -14.159 -18.480 -0.026 -0.678 0.443 0.049 0.072 
17.905 -13.638 -18.786 -0.023 -0.677 0.453 0.049 0.075 
17.537 -13.073 -19.284 -0.009 -0.678 0.464 0.050 0.081 
17.384 -12.591 -18.874 -0.014 -0.675 0.474 0.050 0.086 
17.324 -12.294 -18.416 -0.018 -0.677 0.484 0.050 0.091 
17.365 -11.902 -18.464 -0.010 -0.673 0.477 0.050 0.093 
17.492 -11.740 -18.255 -0.008 -0.670 0.444 0.048 0.089 
17.517 -12.078 -17.893 -0.014 -0.674 0.409 0.047 0.085 
17.630 -12.303 -17.533 -0.017 -0.676 0.375 0.045 0.081 
17.735 -12.213 -17.910 -0.001 -0.671 0.345 0.045 0.077 
17.816 -12.316 -17.649 -0.004 -0.670 0.341 0.048 0.074 
17.737 -12.446 -17.646 -0.002 -0.673 0.337 0.052 0.070 
17.666 -12.410 -17.764 -0.004 -0.670 0.333 0.055 0.066 
17.595 -12.207 -18.253 0.006 -0.668 0.328 0.059 0.062 
17.534 -12.191 -18.408 0.007 -0.671 0.338 0.056 0.062 
17.668 -12.028 -18.480 0.002 -0.668 0.348 0.054 0.062 
17.756 -12.366 -17.959 -0.018 -0.676 0.358 0.051 0.062 
17.767 -12.271 -18.370 -0.009 -0.673 0.369 0.048 0.062 
17.718 -12.478 -18.190 -0.017 -0.675 0.372 0.047 0.065 
17.674 -12.328 -18.754 -0.005 -0.670 0.375 0.046 0.070 
17.562 -12.482 -18.923 -0.001 -0.670 0.377 0.046 0.075 
17.638 -12.352 -18.910 0.004 -0.669 0.379 0.045 0.080 
17.648 -12.894 -17.635 -0.029 -0.678 0.382 0.047 0.081 
17.598 -12.772 -17.718 -0.022 -0.674 0.387 0.052 0.079 
17.609 -12.116 -18.381 0.000 -0.667 0.392 0.057 0.077 
17.540 -11.884 -18.163 -0.008 -0.668 0.397 0.062 0.075 
17.346 -11.764 -17.832 -0.021 -0.673 0.408 0.064 0.071 
17.167 -11.119 -18.264 -0.013 -0.668 0.449 0.053 0.061 
16.884 -10.931 -18.190 -0.019 -0.671 0.487 0.042 0.052 
16.762 -10.234 -18.991 0.000 -0.663 0.528 0.031 0.042 
16.522 -10.597 -18.494 -0.013 -0.668 0.567 0.020 0.032 
16.256 -10.948 -18.423 -0.008 -0.667 0.484 -0.010 0.029 
16.073 -11.593 -17.962 -0.015 -0.670 0.401 -0.040 0.026 
15.939 -11.865 -18.378 0.002 -0.666 0.318 -0.070 0.023 
15.558 -13.407 -17.172 -0.020 -0.679 0.239 -0.099 0.020 
15.108 -14.844 -16.926 -0.012 -0.681 0.200 -0.094 0.023 
15.096 -16.193 -16.083 -0.027 -0.689 0.191 -0.068 0.029 
15.443 -16.529 -16.279 -0.013 -0.686 0.181 -0.040 0.036 
16.094 -16.834 -15.618 -0.022 -0.685 0.173 -0.013 0.042 
16.748 -16.975 -15.285 -0.027 -0.687 0.182 -0.001 0.045 
17.568 -16.589 -15.655 -0.020 -0.684 0.216 -0.009 0.044 
18.310 -16.113 -16.555 -0.003 -0.677 0.251 -0.017 0.043 
18.656 -17.232 -15.629 -0.038 -0.691 0.285 -0.025 0.041 
19.096 -17.924 -15.515 -0.042 -0.693 0.320 -0.033 0.040 
19.254 -18.643 -15.927 -0.034 -0.696 0.294 -0.037 0.041 
19.441 -19.155 -16.104 -0.027 -0.692 0.266 -0.041 0.042 
19.717 -19.361 -16.125 -0.018 -0.688 0.238 -0.046 0.043 
19.637 -20.101 -15.736 -0.031 -0.697 0.210 -0.050 0.044 
19.327 -20.766 -15.850 -0.032 -0.702 0.196 -0.048 0.045 
19.410 -20.587 -16.438 -0.018 -0.696 0.191 -0.042 0.047 
19.587 -20.636 -16.528 -0.015 -0.700 0.186 -0.036 0.049 
19.687 -20.726 -16.691 -0.012 -0.698 0.181 -0.031 0.051 
19.806 -21.104 -16.313 -0.025 -0.704 0.183 -0.026 0.053 
20.039 -20.974 -16.490 -0.021 -0.702 0.228 -0.025 0.055 
20.114 -21.081 -16.294 -0.024 -0.701 0.273 -0.024 0.057 
20.314 -20.817 -16.466 -0.018 -0.695 0.319 -0.023 0.059 
20.401 -20.809 -16.408 -0.022 -0.697 0.365 -0.023 0.061 
20.434 -20.663 -16.578 -0.014 -0.695 0.305 -0.028 0.057 
20.447 -21.102 -15.700 -0.036 -0.701 0.243 -0.033 0.052 
20.395 -20.711 -16.954 0.001 -0.691 0.180 -0.039 0.047 
20.296 -21.198 -16.326 -0.012 -0.696 0.117 -0.045 0.043 
20.321 -21.188 -15.845 -0.016 -0.694 0.121 -0.043 0.042 
20.188 -21.050 -15.992 -0.007 -0.693 0.171 -0.036 0.045 
20.034 -20.784 -15.896 -0.008 -0.691 0.220 -0.030 0.047 
19.804 -20.555 -15.897 -0.010 -0.692 0.268 -0.023 0.049 
19.571 -20.534 -15.291 -0.026 -0.697 0.296 -0.021 0.050 
19.348 -20.339 -15.107 -0.030 -0.694 0.290 -0.028 0.049 
19.094 -19.877 -16.010 -0.001 -0.690 0.285 -0.033 0.047 
18.951 -19.802 -15.732 -0.005 -0.687 0.280 -0.040 0.046 
18.623 -20.330 -14.904 -0.030 -0.698 0.273 -0.045 0.045 
18.542 -20.163 -15.082 -0.024 -0.695 0.257 -0.050 0.046 
18.592 -19.753 -15.508 -0.006 -0.691 0.241 -0.054 0.048 
18.639 -19.789 -15.096 -0.013 -0.694 0.225 -0.058 0.049 
18.688 -19.632 -14.781 -0.016 -0.691 0.209 -0.063 0.051 
18.683 -19.500 -14.695 -0.014 -0.691 0.204 -0.052 0.051 
18.759 -18.905 -15.304 0.003 -0.686 0.199 -0.040 0.052 
18.787 -19.113 -14.288 -0.026 -0.692 0.195 -0.029 0.052 
18.749 -18.989 -14.426 -0.020 -0.691 0.190 -0.018 0.053 
18.787 -18.849 -14.466 -0.019 -0.689 0.216 -0.011 0.053 
18.815 -18.744 -14.531 -0.017 -0.688 0.260 -0.007 0.054 
18.873 -18.602 -14.731 -0.011 -0.684 0.303 -0.002 0.055 
18.863 -18.931 -14.428 -0.023 -0.689 0.349 0.003 0.056 
18.986 -18.597 -15.336 0.001 -0.681 0.370 0.005 0.058 
19.083 -19.207 -14.458 -0.022 -0.689 0.356 0.003 0.062 
19.386 -18.999 -14.930 -0.006 -0.683 0.343 0.002 0.066 
19.700 -19.091 -14.837 -0.010 -0.685 0.330 0.001 0.070 
19.983 -19.111 -14.685 -0.014 -0.686 0.314 -0.001 0.073 
20.194 -18.801 -15.213 0.002 -0.678 0.281 -0.003 0.069 
20.176 -19.150 -14.867 -0.009 -0.681 0.249 -0.006 0.065 
20.087 -19.583 -14.470 -0.020 -0.686 0.216 -0.008 0.061 
20.095 -19.656 -14.335 -0.021 -0.686 0.185 -0.010 0.058 
20.112 -19.419 -14.513 -0.011 -0.681 0.202 -0.009 0.060 
20.017 -19.474 -14.018 -0.022 -0.682 0.235 -0.008 0.064 
19.947 -19.244 -14.264 -0.012 -0.681 0.269 -0.006 0.068 
19.889 -19.088 -14.055 -0.018 -0.679 0.302 -0.004 0.072 
19.783 -18.988 -14.214 -0.015 -0.681 0.297 -0.007 0.073 
19.704 -18.892 -14.321 -0.014 -0.679 0.266 -0.014 0.072 
19.569 -19.126 -14.123 -0.018 -0.684 0.235 -0.021 0.072 
19.627 -19.001 -14.059 -0.014 -0.678 0.204 -0.028 0.071 
19.594 -19.336 -13.266 -0.031 -0.683 0.204 -0.030 0.072 
19.503 -19.264 -13.466 -0.023 -0.682 0.243 -0.028 0.077 
19.424 -19.167 -13.578 -0.019 -0.682 0.283 -0.025 0.082 
19.461 -18.570 -14.166 -0.001 -0.675 0.323 -0.023 0.087 
19.381 -18.699 -13.674 -0.013 -0.680 0.366 -0.020 0.092 
19.409 -18.510 -13.510 -0.017 -0.679 0.355 -0.026 0.088 
19.367 -18.492 -13.165 -0.021 -0.682 0.342 -0.033 0.084 
19.379 -18.389 -12.867 -0.022 -0.681 0.331 -0.039 0.081 
19.374 -18.141 -13.141 -0.010 -0.679 0.318 -0.045 0.077 
19.370 -18.080 -13.199 -0.011 -0.681 0.281 -0.051 0.070 
19.476 -17.917 -13.136 -0.012 -0.678 0.236 -0.057 0.062 
19.490 -18.161 -12.360 -0.035 -0.684 0.191 -0.062 0.054 
19.467 -18.093 -12.457 -0.034 -0.683 0.149 -0.067 0.047 
19.444 -17.947 -12.669 -0.028 -0.681 0.129 -0.066 0.043 
19.348 -17.909 -12.919 -0.027 -0.682 0.148 -0.052 0.046 
19.432 -17.572 -13.242 -0.019 -0.679 0.167 -0.040 0.048 
19.527 -17.258 -13.606 -0.013 -0.678 0.186 -0.027 0.051 
19.718 -17.009 -13.568 -0.015 -0.677 0.206 -0.013 0.054 
20.030 -16.683 -13.476 -0.014 -0.675 0.245 -0.017 0.065 
20.243 -17.024 -12.671 -0.036 -0.684 0.281 -0.020 0.075 
20.600 -16.667 -13.341 -0.017 -0.678 0.325 -0.024 0.087 
20.966 -16.655 -13.405 -0.011 -0.677 0.362 -0.027 0.097 
21.357 -16.987 -12.911 -0.020 -0.678 0.363 -0.034 0.106 
21.648 -17.219 -12.979 -0.014 -0.681 0.353 -0.042 0.114 
22.060 -17.289 -12.385 -0.025 -0.679 0.341 -0.051 0.122 
22.206 -17.282 -12.495 -0.017 -0.680 0.331 -0.058 0.130 
22.098 -17.456 -12.626 -0.014 -0.680 0.307 -0.060 0.135 
22.179 -17.462 -12.580 -0.012 -0.679 0.259 -0.052 0.137 
22.372 -17.583 -12.118 -0.023 -0.682 0.211 -0.044 0.138 
22.595 -17.351 -12.449 -0.017 -0.680 0.164 -0.036 0.140 
22.629 -17.344 -12.378 -0.019 -0.679 0.127 -0.028 0.140 
22.603 -16.908 -13.074 0.003 -0.672 0.139 -0.017 0.131 
22.531 -16.941 -13.095 0.002 -0.672 0.152 -0.005 0.122 
22.526 -16.832 -13.215 0.005 -0.670 0.165 0.005 0.114 
22.515 -17.085 -12.858 -0.000 -0.672 0.178 0.017 0.105 
22.529 -17.354 -12.378 -0.009 -0.673 0.190 0.011 0.103 
22.366 -18.249 -10.977 -0.041 -0.685 0.201 0.001 0.102 
22.473 -18.124 -11.391 -0.023 -0.679 0.212 -0.007 0.101 
22.518 -18.379 -11.091 -0.027 -0.682 0.223 -0.016 0.101 
22.559 -18.448 -11.012 -0.027 -0.681 0.224 -0.018 0.097 
22.646 -18.405 -10.957 -0.027 -0.680 0.217 -0.014 0.090 
22.783 -18.261 -10.874 -0.025 -0.680 0.211 -0.010 0.084 
22.648 -18.512 -10.634 -0.031 -0.684 0.204 -0.006 0.078 
22.614 -18.223 -11.153 -0.019 -0.681 0.200 -0.005 0.074 
22.676 -18.113 -10.941 -0.027 -0.681 0.199 -0.009 0.073 
22.698 -17.852 -11.285 -0.021 -0.678 0.199 -0.013 0.072 
22.608 -17.734 -11.732 -0.011 -0.674 0.199 -0.017 0.071 
22.584 -17.779 -11.718 -0.010 -0.675 0.198 -0.022 0.070 
22.707 -17.977 -11.059 -0.024 -0.678 0.199 -0.017 0.062 
22.781 -17.770 -11.194 -0.014 -0.675 0.201 -0.013 0.055 
22.777 -17.826 -10.795 -0.029 -0.678 0.202 -0.008 0.048 
22.698 -17.567 -11.272 -0.022 -0.679 0.203 -0.004 0.041 
22.558 -17.520 -11.548 -0.020 -0.678 0.204 -0.000 0.037 
22.312 -17.641 -11.691 -0.021 -0.680 0.206 0.004 0.035 
22.104 -17.636 -11.866 -0.019 -0.677 0.207 0.007 0.033 
22.001 -17.467 -12.442 -0.007 -0.674 0.208 0.011 0.031 
22.009 -17.376 -12.603 -0.004 -0.673 0.201 0.012 0.028 
22.215 -17.462 -12.184 -0.016 -0.679 0.186 0.010 0.025 
22.469 -17.396 -11.917 -0.021 -0.682 0.172 0.008 0.021 
22.785 -16.953 -11.847 -0.016 -0.678 0.158 0.006 0.018 
22.811 -16.933 -11.617 -0.024 -0.678 0.149 0.004 0.016 
22.789 -17.013 -11.018 -0.039 -0.681 0.156 0.004 0.020 
22.826 -16.579 -11.426 -0.026 -0.681 0.164 0.003 0.024 
22.780 -16.451 -11.470 -0.028 -0.681 0.172 0.003 0.028 
22.861 -16.181 -11.354 -0.027 -0.678 0.179 0.002 0.032 
22.890 -16.097 -11.095 -0.029 -0.678 0.225 0.002 0.051 
22.924 -16.145 -10.932 -0.032 -0.679 0.272 0.002 0.071 
23.111 -16.160 -10.648 -0.038 -0.677 0.318 0.002 0.090 
23.287 -16.088 -10.375 -0.042 -0.678 0.365 0.001 0.110 
23.451 -15.851 -10.509 -0.032 -0.676 0.342 0.012 0.117 
23.910 -15.493 -10.063 -0.033 -0.676 0.303 0.025 0.122 
24.322 -15.156 -9.567 -0.039 -0.675 0.265 0.038 0.126 
24.684 -14.653 -9.535 -0.034 -0.674 0.227 0.051 0.131 
24.996 -13.941 -9.705 -0.028 -0.670 0.214 0.059 0.132 
25.129 -13.523 -9.379 -0.041 -0.672 0.220 0.063 0.130 
24.950 -12.826 -9.937 -0.028 -0.668 0.227 0.068 0.128 
24.421 -12.169 -10.805 -0.016 -0.664 0.233 0.072 0.126 
23.787 -11.909 -10.901 -0.026 -0.667 0.242 0.075 0.128 
23.233 -11.256 -11.612 -0.016 -0.664 0.255 0.075 0.133 
22.689 -11.365 -11.186 -0.041 -0.674 0.268 0.075 0.138 
22.534 -10.419 -12.362 -0.017 -0.663 0.283 0.075 0.144 
22.397 -10.549 -11.984 -0.037 -0.670 0.295 0.075 0.149 
22.317 -10.450 -12.413 -0.028 -0.667 0.304 0.078 0.152 
22.385 -10.202 -12.634 -0.017 -0.663 0.313 0.081 0.154 
22.615 -9.716 -12.583 -0.013 -0.658 0.321 0.084 0.157 
22.442 -10.085 -11.563 -0.040 -0.669 0.330 0.087 0.159 
22.170 -9.714 -11.772 -0.038 -0.667 0.333 0.087 0.153 
21.882 -9.132 -12.379 -0.026 -0.663 0.334 0.087 0.146 
21.647 -8.568 -13.040 -0.013 -0.654 0.335 0.087 0.137 
21.407 -8.603 -12.981 -0.014 -0.654 0.336 0.086 0.129 
21.248 -8.622 -12.915 -0.012 -0.651 0.331 0.085 0.121 
21.006 -8.957 -12.876 -0.010 -0.652 0.317 0.081 0.115 
20.859 -9.385 -12.711 -0.016 -0.653 0.302 0.077 0.108 
20.771 -9.790 -12.696 -0.019 -0.655 0.287 0.074 0.102 
20.819 -10.051 -12.750 -0.014 -0.656 0.271 0.070 0.095 
20.939 -10.269 -12.422 -0.021 -0.657 0.297 0.072 0.095 
21.015 -10.038 -13.179 -0.002 -0.654 0.322 0.075 0.095 
21.068 -10.189 -13.011 -0.014 -0.655 0.348 0.078 0.095 
20.942 -10.434 -13.058 -0.015 -0.656 0.376 0.081 0.095 
20.986 -10.525 -12.945 -0.018 -0.656 0.359 0.075 0.096 
21.146 -10.568 -13.189 -0.012 -0.655 0.332 0.066 0.098 
21.381 -11.149 -12.202 -0.031 -0.661 0.309 0.059 0.100 
21.775 -11.053 -12.404 -0.013 -0.653 0.283 0.051 0.101 
22.105 -11.240 -12.071 -0.010 -0.654 0.277 0.048 0.104 
22.216 -11.849 -11.174 -0.033 -0.663 0.289 0.050 0.109 
22.276 -11.608 -11.412 -0.027 -0.658 0.299 0.051 0.114 
22.167 -11.393 -11.494 -0.020 -0.658 0.310 0.053 0.118 
22.014 -11.028 -11.579 -0.017 -0.657 0.320 0.054 0.121 
21.779 -10.451 -11.846 -0.007 -0.654 0.329 0.056 0.121 
21.432 -10.289 -11.422 -0.026 -0.659 0.339 0.057 0.122 
21.107 -9.681 -11.860 -0.017 -0.656 0.348 0.059 0.123 
20.877 -9.114 -12.157 -0.011 -0.654 0.358 0.060 0.123 
20.679 -8.815 -12.169 -0.017 -0.654 0.360 0.057 0.122 
20.566 -8.347 -12.769 -0.006 -0.649 0.361 0.055 0.121 
20.491 -8.539 -11.994 -0.027 -0.655 0.363 0.052 0.120 
20.447 -8.350 -12.395 -0.015 -0.652 0.364 0.050 0.119 
20.352 -8.637 -12.247 -0.022 -0.657 0.363 0.046 0.120 
20.370 -8.625 -12.207 -0.021 -0.655 0.362 0.043 0.122 
20.370 -8.703 -12.090 -0.022 -0.655 0.360 0.040 0.124 
20.383 -8.842 -11.925 -0.024 -0.656 0.358 0.037 0.126 
20.414 -8.925 -11.826 -0.022 -0.659 0.357 0.038 0.127 
20.605 -8.942 -11.342 -0.032 -0.659 0.356 0.042 0.128 
20.671 -8.702 -11.674 -0.020 -0.655 0.355 0.046 0.130 
20.695 -8.650 -11.424 -0.027 -0.657 0.354 0.050 0.131 
20.655 -8.220 -12.125 -0.011 -0.651 0.355 0.051 0.133 
20.625 -8.176 -11.932 -0.018 -0.654 0.360 0.049 0.136 
20.572 -8.213 -11.572 -0.029 -0.657 0.365 0.047 0.140 
20.546 -8.154 -11.396 -0.036 -0.658 0.370 0.045 0.143 
20.528 -8.156 -11.448 -0.035 -0.657 0.375 0.042 0.147 
20.662 -7.967 -11.606 -0.027 -0.650 0.346 0.047 0.147 
20.743 -7.817 -11.750 -0.020 -0.649 0.314 0.051 0.148 
20.721 -7.837 -11.668 -0.021 -0.649 0.284 0.055 0.149 
20.682 -7.704 -11.811 -0.019 -0.649 0.256 0.059 0.150 
20.593 -7.512 -12.024 -0.024 -0.648 0.281 0.065 0.146 
20.612 -7.055 -12.080 -0.029 -0.645 0.315 0.070 0.141 
20.538 -6.657 -11.684 -0.039 -0.644 0.350 0.075 0.136 
20.314 -5.685 -13.185 -0.003 -0.634 0.393 0.081 0.130 
20.141 -5.399 -12.979 -0.013 -0.638 0.378 0.077 0.130 
19.948 -5.619 -12.425 -0.031 -0.642 0.361 0.073 0.130 
19.788 -5.777 -12.699 -0.021 -0.644 0.343 0.069 0.130 
20.020 -5.860 -12.453 -0.023 -0.643 0.326 0.065 0.131 
20.243 -6.264 -11.901 -0.033 -0.645 0.326 0.063 0.128 
20.454 -6.147 -12.450 -0.011 -0.641 0.333 0.061 0.123 
20.592 -6.344 -11.790 -0.026 -0.644 0.339 0.059 0.119 
20.564 -6.243 -11.963 -0.022 -0.643 0.345 0.057 0.115 
20.184 -2.852 -17.591 0.138 -0.593 0.337 0.056 0.113 
20.405 -5.704 -12.409 -0.021 -0.644 0.321 0.055 0.114 
20.458 -5.224 -12.783 -0.012 -0.640 0.304 0.054 0.114 
20.525 -5.195 -11.662 -0.036 -0.644 0.280 0.053 0.115 
20.536 -4.556 -12.407 -0.014 -0.637 0.268 0.052 0.111 
20.590 -4.720 -11.851 -0.034 -0.643 0.258 0.051 0.106 
20.690 -4.311 -12.633 -0.010 -0.634 0.247 0.051 0.101 
20.786 -4.713 -12.262 -0.016 -0.640 0.237 0.050 0.096 
20.962 -5.286 -11.068 -0.041 -0.646 0.228 0.050 0.091 
20.899 -5.328 -11.721 -0.016 -0.640 0.222 0.050 0.085 
20.759 -5.862 -11.450 -0.026 -0.644 0.216 0.051 0.079 
20.845 -5.893 -11.466 -0.033 -0.643 0.210 0.052 0.074 
20.926 -5.734 -12.015 -0.021 -0.640 0.205 0.053 0.068 
20.756 -6.169 -12.610 -0.009 -0.636 0.211 0.051 0.071 
20.846 -7.186 -11.943 -0.030 -0.645 0.218 0.049 0.074 
21.172 -7.481 -12.618 -0.014 -0.639 0.224 0.047 0.077 
21.341 -8.499 -12.391 -0.025 -0.645 0.231 0.045 0.080 
21.616 -9.216 -12.619 -0.022 -0.647 0.233 0.043 0.084 
22.264 -9.487 -12.588 -0.020 -0.645 0.230 0.042 0.089 
23.107 -9.565 -12.275 -0.026 -0.646 0.227 0.040 0.094 
23.907 -9.330 -12.038 -0.026 -0.645 0.223 0.039 0.100 
24.625 -8.581 -12.295 -0.013 -0.635 0.220 0.038 0.106 
25.015 -8.118 -12.342 -0.008 -0.636 0.211 0.044 0.099 
25.161 -7.936 -11.826 -0.020 -0.640 0.201 0.050 0.093 
25.246 -7.205 -12.313 -0.006 -0.635 0.191 0.057 0.086 
25.161 -7.396 -11.468 -0.035 -0.644 0.182 0.064 0.080 
25.135 -6.785 -12.187 -0.020 -0.639 0.186 0.061 0.075 
24.985 -6.711 -12.364 -0.018 -0.639 0.194 0.056 0.070 
24.895 -6.733 -12.398 -0.019 -0.641 0.202 0.052 0.065 
24.849 -6.505 -12.713 -0.016 -0.641 0.210 0.047 0.060 
24.762 -6.054 -13.244 -0.006 -0.634 0.223 0.044 0.058 
24.584 -6.249 -12.813 -0.021 -0.643 0.236 0.043 0.059 
24.612 -5.816 -12.940 -0.023 -0.640 0.249 0.041 0.059 
24.647 -5.400 -13.436 -0.014 -0.638 0.263 0.040 0.060 
24.466 -5.736 -12.880 -0.032 -0.645 0.273 0.038 0.061 
24.547 -5.350 -13.206 -0.020 -0.639 0.269 0.039 0.061 
24.545 -5.306 -13.235 -0.018 -0.639 0.265 0.039 0.061 
24.578 -5.293 -13.179 -0.018 -0.638 0.261 0.039 0.061 
24.590 -5.284 -13.271 -0.016 -0.640 0.257 0.040 0.061 
24.766 -5.033 -13.153 -0.016 -0.639 0.264 0.040 0.058 
24.767 -4.804 -13.288 -0.013 -0.637 0.274 0.040 0.055 
24.699 -5.030 -12.477 -0.037 -0.644 0.284 0.040 0.051 
24.642 -4.711 -12.823 -0.029 -0.641 0.294 0.040 0.047 
24.492 -4.395 -13.617 -0.008 -0.638 0.303 0.037 0.045 
24.501 -4.169 -13.756 -0.003 -0.631 0.312 0.031 0.045 
24.502 -4.331 -13.581 -0.005 -0.634 0.320 0.024 0.045 
24.492 -4.412 -13.500 -0.007 -0.635 0.329 0.018 0.045 
24.375 -4.732 -13.204 -0.015 -0.638 0.329 0.012 0.044 
24.291 -4.827 -13.291 -0.017 -0.638 0.298 0.011 0.039 
24.430 -4.477 -13.530 -0.009 -0.634 0.268 0.009 0.035 
24.443 -4.204 -13.769 -0.002 -0.631 0.237 0.008 0.030 
24.072 -5.019 -12.802 -0.030 -0.644 0.206 0.006 0.025 
24.010 -4.490 -13.537 -0.010 -0.636 0.207 0.010 0.026 
23.991 -4.164 -13.911 -0.003 -0.630 0.208 0.015 0.026 
23.977 -4.299 -13.874 -0.010 -0.634 0.209 0.019 0.027 
24.046 -4.448 -13.720 -0.018 -0.637 0.210 0.023 0.027 
24.077 -4.791 -13.371 -0.032 -0.639 0.219 0.028 0.028 
24.153 -4.652 -13.867 -0.016 -0.636 0.232 0.033 0.029 
24.250 -4.767 -13.813 -0.020 -0.639 0.246 0.039 0.029 
24.430 -4.611 -13.878 -0.019 -0.637 0.259 0.045 0.030 
24.529 -4.458 -14.147 -0.012 -0.635 0.270 0.049 0.030 
24.530 -4.799 -13.923 -0.020 -0.642 0.271 0.048 0.029 
24.595 -5.038 -13.677 -0.028 -0.644 0.273 0.047 0.028 
24.770 -4.771 -14.259 -0.007 -0.638 0.274 0.045 0.027 
24.877 -5.080 -13.784 -0.018 -0.641 0.276 0.044 0.026 
24.985 -4.960 -13.786 -0.014 -0.639 0.272 0.050 0.028 
24.986 -4.800 -13.907 -0.009 -0.636 0.267 0.055 0.029 
24.831 -5.174 -13.015 -0.034 -0.647 0.263 0.061 0.031 
24.788 -4.793 -13.293 -0.028 -0.641 0.259 0.067 0.032 
24.643 -4.504 -13.585 -0.022 -0.639 0.268 0.071 0.035 
24.509 -4.277 -13.887 -0.014 -0.636 0.290 0.075 0.040 
24.461 -4.000 -14.015 -0.005 -0.630 0.310 0.079 0.044 
24.335 -4.415 -13.282 -0.024 -0.638 0.330 0.083 0.049 
24.295 -4.257 -13.472 -0.017 -0.638 0.341 0.087 0.054 
24.389 -3.980 -13.494 -0.014 -0.635 0.336 0.091 0.060 
24.494 -4.190 -12.235 -0.049 -0.641 0.331 0.095 0.065 
24.440 -3.731 -12.967 -0.027 -0.639 0.326 0.099 0.071 
24.453 -3.256 -13.412 -0.014 -0.632 0.321 0.103 0.077 
24.497 -2.794 -13.786 -0.004 -0.628 0.344 0.101 0.083 
24.416 -3.352 -12.484 -0.041 -0.640 0.367 0.100 0.089 
24.343 -3.067 -13.030 -0.025 -0.637 0.389 0.098 0.095 
24.509 -2.599 -13.206 -0.017 -0.629 0.411 0.096 0.100 
24.609 -2.180 -13.635 -0.004 -0.623 0.402 0.093 0.105 
24.700 -2.272 -13.203 -0.017 -0.629 0.370 0.091 0.109 
24.828 -1.752 -13.689 -0.004 -0.620 0.339 0.088 0.113 
24.848 -1.667 -13.749 -0.007 -0.621 0.308 0.085 0.117 
24.762 -1.876 -13.677 -0.015 -0.625 0.280 0.082 0.120 
24.839 -1.918 -13.621 -0.017 -0.623 0.266 0.074 0.124 
25.002 -2.257 -13.059 -0.027 -0.626 0.253 0.066 0.127 
25.267 -2.355 -12.764 -0.025 -0.622 0.240 0.058 0.130 
25.446 -3.047 -11.937 -0.042 -0.629 0.227 0.050 0.134 
25.656 -3.339 -12.037 -0.032 -0.628 0.225 0.051 0.135 
26.104 -3.762 -11.123 -0.052 -0.630 0.226 0.054 0.136 
26.581 -3.619 -11.162 -0.044 -0.626 0.226 0.058 0.137 
27.016 -3.447 -11.560 -0.023 -0.621 0.227 0.061 0.138 
27.351 -3.739 -11.305 -0.025 -0.623 0.237 0.060 0.135 
27.656 -3.717 -11.630 -0.011 -0.616 0.261 0.054 0.127 
27.913 -4.253 -11.151 -0.018 -0.618 0.286 0.047 0.119 
28.147 -4.851 -10.669 -0.024 -0.620 0.310 0.041 0.111 
28.409 -5.483 -10.316 -0.030 -0.620 0.325 0.033 0.102 
28.637 -6.428 -9.742 -0.037 -0.623 0.302 0.018 0.091 
28.984 -7.679 -8.719 -0.056 -0.626 0.281 0.005 0.080 
29.076 -8.717 -8.908 -0.035 -0.621 0.259 -0.009 0.069 
28.553 -10.820 -8.375 -0.035 -0.625 0.236 -0.023 0.057 
27.003 -14.423 -7.586 -0.062 -0.645 0.203 -0.032 0.051 
25.351 -17.120 -8.580 -0.049 -0.654 0.174 -0.039 0.046 
23.894 -19.756 -9.008 -0.065 -0.669 0.143 -0.045 0.042 
23.243 -20.523 -10.764 -0.033 -0.662 0.116 -0.051 0.038 
22.506 -22.036 -10.329 -0.059 -0.672 0.133 -0.051 0.035 
22.060 -22.206 -11.735 -0.031 -0.668 0.162 -0.049 0.031 
21.746 -22.413 -12.006 -0.030 -0.667 0.191 -0.046 0.028 
21.449 -23.026 -11.808 -0.046 -0.674 0.218 -0.044 0.025 
21.251 -23.157 -12.421 -0.040 -0.673 0.223 -0.050 0.023 
21.164 -23.106 -13.422 -0.021 -0.670 0.208 -0.062 0.022 
21.101 -23.586 -13.621 -0.020 -0.675 0.194 -0.074 0.021 
21.263 -24.177 -13.233 -0.033 -0.677 0.179 -0.086 0.020 
21.396 -24.913 -13.229 -0.035 -0.680 0.161 -0.095 0.019 
21.618 -25.319 -13.754 -0.023 -0.677 0.129 -0.091 0.019 
21.846 -26.114 -13.217 -0.042 -0.683 0.097 -0.088 0.018 
22.051 -26.494 -13.141 -0.045 -0.685 0.065 -0.085 0.018 
22.064 -26.504 -13.853 -0.023 -0.681 0.033 -0.082 0.017 
22.015 -26.789 -13.553 -0.035 -0.685 0.082 -0.079 0.018 
21.949 -26.701 -13.819 -0.035 -0.683 0.130 -0.076 0.018 
21.872 -26.509 -14.324 -0.024 -0.683 0.180 -0.073 0.019 
21.915 -26.366 -14.247 -0.022 -0.680 0.228 -0.070 0.019 
21.953 -26.502 -13.664 -0.037 -0.685 0.205 -0.083 0.016 
22.118 -26.183 -14.027 -0.025 -0.680 0.166 -0.099 0.013 
22.297 -26.318 -13.858 -0.031 -0.682 0.127 -0.116 0.009 
22.534 -26.702 -13.684 -0.035 -0.682 0.089 -0.132 0.005 
23.115 -27.083 -13.459 -0.031 -0.681 0.053 -0.132 0.002 
23.862 -27.521 -12.704 -0.038 -0.681 0.024 -0.106 -0.001 
24.633 -27.476 -12.461 -0.032 -0.675 -0.005 -0.079 -0.004 
24.942 -27.791 -11.752 -0.051 -0.683 -0.036 -0.051 -0.007 
24.984 -27.540 -12.024 -0.048 -0.683 -0.047 -0.030 -0.009 
24.926 -26.786 -13.000 -0.031 -0.675 0.010 -0.024 -0.008 
24.746 -26.696 -12.933 -0.041 -0.681 0.070 -0.017 -0.007 
24.748 -26.395 -12.606 -0.050 -0.680 0.129 -0.011 -0.006 
24.884 -25.713 -13.158 -0.029 -0.674 0.186 -0.005 -0.004 
24.999 -25.287 -13.343 -0.022 -0.671 0.146 -0.011 -0.012 
24.857 -25.844 -12.415 -0.053 -0.679 0.106 -0.018 -0.019 
24.734 -25.904 -13.069 -0.033 -0.676 0.067 -0.025 -0.027 
24.767 -26.444 -12.381 -0.048 -0.680 0.028 -0.031 -0.034 
24.908 -26.448 -12.762 -0.037 -0.676 -0.020 -0.025 -0.048 
24.854 -26.907 -12.307 -0.047 -0.681 -0.071 -0.012 -0.064 
24.953 -26.836 -12.241 -0.045 -0.680 -0.124 0.002 -0.082 
25.039 -26.495 -12.721 -0.036 -0.677 -0.175 0.015 -0.098 
25.199 -26.042 -12.677 -0.032 -0.674 -0.193 0.031 -0.107 
25.225 -26.097 -11.885 -0.048 -0.679 -0.143 0.052 -0.100 
25.319 -25.488 -12.484 -0.030 -0.670 -0.090 0.074 -0.092 
25.319 -25.646 -11.531 -0.053 -0.676 -0.040 0.094 -0.084 
25.336 -25.341 -11.883 -0.037 -0.673 0.011 0.115 -0.076 
25.285 -25.440 -11.758 -0.040 -0.674 0.097 0.108 -0.055 
25.186 -25.691 -11.560 -0.047 -0.676 0.185 0.100 -0.034 
25.130 -26.046 -11.169 -0.057 -0.679 0.271 0.093 -0.013 
25.461 -25.511 -11.818 -0.035 -0.669 0.360 0.085 0.008 
25.753 -25.500 -11.417 -0.041 -0.671 0.369 0.080 0.015 
26.025 -25.395 -11.121 -0.045 -0.672 0.360 0.076 0.017 
26.259 -25.317 -10.770 -0.052 -0.673 0.352 0.071 0.020 
26.361 -25.089 -10.937 -0.046 -0.669 0.343 0.067 0.023 
26.617 -24.556 -11.088 -0.041 -0.666 0.298 0.065 0.015 
26.732 -24.325 -11.022 -0.042 -0.664 0.191 0.067 -0.009 
26.791 -24.124 -11.124 -0.037 -0.663 0.090 0.068 -0.033 
26.525 -24.809 -10.061 -0.066 -0.673 -0.012 0.070 -0.057 
26.453 -24.156 -11.059 -0.039 -0.661 -0.116 0.071 -0.081 
26.148 -24.487 -10.416 -0.056 -0.667 -0.065 0.069 -0.074 
25.919 -24.295 -10.814 -0.043 -0.664 -0.012 0.066 -0.066 
25.785 -24.437 -10.206 -0.059 -0.667 0.040 0.063 -0.059 
25.746 -24.227 -10.480 -0.050 -0.663 0.091 0.060 -0.051 
25.660 -24.153 -10.778 -0.039 -0.662 0.060 0.072 -0.052 
25.607 -24.237 -10.690 -0.038 -0.661 0.005 0.088 -0.054 
25.545 -24.209 -10.772 -0.034 -0.662 -0.052 0.105 -0.057 
25.373 -24.669 -9.816 -0.062 -0.670 -0.107 0.121 -0.059 
25.293 -24.388 -10.174 -0.050 -0.666 -0.019 0.120 -0.045 
25.238 -24.087 -10.589 -0.040 -0.663 0.172 0.106 -0.019 
25.192 -24.222 -9.995 -0.055 -0.668 0.359 0.093 0.006 
25.200 -24.234 -9.599 -0.059 -0.669 0.541 0.080 0.031 
25.372 -23.692 -10.116 -0.041 -0.661 0.675 0.067 0.050 
25.470 -23.887 -9.529 -0.057 -0.666 0.578 0.055 0.042 
25.726 -23.475 -9.800 -0.047 -0.661 0.479 0.042 0.034 
26.021 -23.408 -9.183 -0.060 -0.665 0.377 0.029 0.025 
26.606 -22.783 -8.503 -0.053 -0.661 0.280 0.017 0.017 
26.908 -22.656 -8.148 -0.050 -0.660 0.228 0.016 0.003 
26.778 -23.368 -7.729 -0.072 -0.667 0.174 0.015 -0.012 
26.758 -23.387 -8.590 -0.066 -0.662 0.119 0.014 -0.027 
26.620 -23.446 -9.600 -0.049 -0.661 0.068 0.013 -0.041 
26.652 -23.225 -10.103 -0.037 -0.656 0.033 0.002 -0.045 
26.580 -23.542 -9.738 -0.050 -0.661 0.011 -0.016 -0.041 
26.542 -23.830 -9.472 -0.063 -0.665 -0.011 -0.035 -0.037 
26.552 -23.995 -9.375 -0.064 -0.669 -0.033 -0.053 -0.033 
26.566 -23.813 -9.973 -0.043 -0.662 -0.025 -0.061 -0.027 
26.561 -23.962 -9.756 -0.044 -0.662 0.032 -0.053 -0.016 
26.634 -24.116 -8.884 -0.061 -0.667 0.088 -0.044 -0.005 
26.557 -23.905 -9.095 -0.049 -0.665 0.147 -0.035 0.007 
26.208 -24.056 -8.953 -0.049 -0.670 0.173 -0.025 0.015 
25.831 -24.066 -8.670 -0.054 -0.671 0.084 -0.012 0.010 
25.381 -24.003 -8.787 -0.053 -0.670 -0.010 0.002 0.005 
24.974 -23.883 -9.046 -0.050 -0.669 -0.102 0.015 -0.001 
24.623 -23.950 -8.563 -0.066 -0.672 -0.189 0.028 -0.005 
24.267 -23.638 -9.111 -0.055 -0.670 -0.114 0.026 0.005 
24.016 -23.278 -9.628 -0.041 -0.666 0.001 0.020 0.018 
23.845 -23.597 -8.894 -0.064 -0.672 0.128 0.014 0.033 
24.066 -23.198 -9.290 -0.054 -0.669 0.237 0.008 0.046 
24.567 -22.562 -9.500 -0.047 -0.662 0.238 0.007 0.043 
25.170 -22.238 -9.309 -0.053 -0.662 0.144 0.009 0.027 
25.700 -22.156 -8.888 -0.057 -0.660 0.052 0.011 0.012 
25.992 -22.184 -9.161 -0.039 -0.659 -0.037 0.013 -0.004 
26.095 -22.575 -9.059 -0.040 -0.661 -0.083 0.020 -0.014 
26.047 -22.789 -9.126 -0.041 -0.660 -0.063 0.032 -0.016 
25.826 -23.147 -8.934 -0.048 -0.663 -0.041 0.047 -0.018 
25.742 -22.870 -9.493 -0.036 -0.658 -0.022 0.059 -0.020 
25.619 -23.027 -9.011 -0.055 -0.664 -0.001 0.072 -0.022 
25.563 -22.840 -8.997 -0.057 -0.663 0.043 0.068 -0.026 
25.533 -22.828 -9.052 -0.057 -0.663 0.086 0.064 -0.030 
25.666 -22.727 -9.066 -0.057 -0.660 0.128 0.061 -0.034 
25.725 -23.023 -8.710 -0.065 -0.668 0.171 0.057 -0.038 
25.959 -22.651 -9.389 -0.042 -0.658 0.124 0.061 -0.047 
26.016 -22.959 -8.956 -0.054 -0.662 0.050 0.068 -0.057 
26.069 -23.165 -8.682 -0.062 -0.663 -0.026 0.075 -0.067 
26.091 -23.298 -9.054 -0.054 -0.663 -0.101 0.082 -0.077 
26.192 -23.566 -8.720 -0.059 -0.665 -0.049 0.083 -0.066 
26.439 -23.564 -8.658 -0.051 -0.663 0.090 0.079 -0.040 
26.566 -23.767 -8.227 -0.054 -0.666 0.228 0.075 -0.014 
26.731 -24.121 -7.520 -0.068 -0.670 0.000 0.000 0.000 
26.897 -24.283 -7.140 -0.073 -0.673 0.000 0.000 0.000 
27.134 -23.865 -7.981 -0.049 -0.666 0.000 0.000 0.000 
27.250 -23.998 -7.585 -0.059 -0.669 0.000 0.000 0.000 
27.350 -24.130 -7.327 -0.073 -0.673 0.000 0.000 0.000 
27.577 -23.294 -8.701 -0.041 -0.664 0.000 0.000 0.000 
27.514 -23.271 -8.470 -0.053 -0.666 0.000 0.000 0.000 
27.451 -22.919 -8.965 -0.042 -0.663 0.000 0.000 0.000 
27.586 -22.726 -8.759 -0.049 -0.664 0.000 0.000 0.000 
27.822 -22.794 -8.203 -0.064 -0.667 0.000 0.000 0.000 
28.054 -22.770 -8.246 -0.058 -0.667 0.000 0.000 0.000 
28.203 -22.760 -8.580 -0.047 -0.663 0.000 0.000 0.000 
28.275 -22.852 -8.892 -0.040 -0.661 0.000 0.000 0.000 
28.290 -23.465 -8.156 -0.059 -0.667 0.000 0.000 0.000 
28.427 -23.403 -8.657 -0.046 -0.664 0.000 0.000 0.000 
28.655 -23.419 -8.515 -0.046 -0.663 0.000 0.000 0.000 
28.783 -23.827 -7.626 -0.069 -0.668 0.000 0.000 0.000 
28.937 -23.725 -7.967 -0.056 -0.666 0.000 0.000 0.000 
29.113 -23.567 -7.990 -0.047 -0.662 0.000 0.000 0.000 
