TP_TYPE 2
5.028 -6.981 -0.872 0.191 0.325 
6.429 -5.618 -0.964 0.187 0.331 
7.387 -4.213 -2.223 0.186 0.338 
7.734 -2.840 -3.231 0.177 0.347 
7.551 -2.783 -3.551 0.174 0.349 
7.539 -2.910 -3.689 0.174 0.349 
7.731 -3.222 -4.038 0.177 0.349 
7.730 -3.164 -4.454 0.180 0.350 
7.946 -3.264 -4.771 0.189 0.350 
8.135 -3.139 -5.021 0.202 0.352 
8.089 -2.471 -5.516 0.207 0.354 
8.032 -1.185 -5.583 0.214 0.361 
8.263 0.110 -5.889 0.218 0.364 
8.489 0.989 -6.190 0.223 0.367 
8.366 1.781 -7.044 0.231 0.371 
8.131 2.293 -7.909 0.242 0.373 
8.206 2.404 -8.401 0.244 0.371 
8.102 2.308 -9.004 0.250 0.369 
8.091 2.260 -9.103 0.258 0.366 
8.962 1.292 -6.967 0.258 0.358 
9.853 -2.264 -5.504 0.250 0.346 
10.025 -4.437 -6.444 0.259 0.343 
10.516 -5.294 -6.637 0.261 0.343 
10.852 -5.768 -6.754 0.263 0.342 
10.561 -5.637 -6.663 0.265 0.344 
10.036 -5.978 -7.489 0.267 0.345 
9.809 -6.031 -8.556 0.269 0.346 
9.773 -5.916 -8.982 0.268 0.346 
9.702 -5.850 -9.308 0.269 0.348 
9.763 -5.860 -9.060 0.268 0.346 
11.552 -6.718 -6.825 0.262 0.340 
12.984 -8.677 -6.629 0.256 0.333 
13.097 -9.879 -7.536 0.259 0.329 
13.273 -10.633 -7.898 0.260 0.327 
13.294 -11.017 -8.344 0.267 0.327 
13.382 -11.190 -8.777 0.268 0.328 
13.432 -11.211 -8.870 0.264 0.329 
13.295 -11.167 -9.213 0.270 0.330 
13.330 -11.208 -9.288 0.266 0.329 
13.382 -11.220 -9.308 0.266 0.327 
14.449 -11.700 -8.233 0.279 0.322 
16.513 -12.737 -7.822 0.273 0.317 
17.481 -13.049 -8.648 0.278 0.317 
18.221 -12.425 -8.174 0.266 0.317 
19.019 -12.086 -7.940 0.262 0.318 
19.777 -12.486 -8.274 0.264 0.315 
19.837 -12.386 -9.083 0.265 0.315 
19.692 -12.269 -9.667 0.275 0.317 
19.789 -12.173 -9.563 0.270 0.317 
19.758 -12.195 -9.714 0.274 0.317 
19.940 -12.220 -9.479 0.284 0.313 
21.419 -11.645 -7.423 0.288 0.307 
22.955 -9.438 -6.626 0.281 0.307 
24.082 -7.870 -7.123 0.283 0.306 
24.950 -7.477 -7.116 0.281 0.303 
25.771 -8.306 -7.517 0.283 0.298 
26.114 -9.133 -8.165 0.286 0.295 
25.862 -9.380 -9.131 0.289 0.295 
25.653 -9.504 -9.803 0.289 0.295 
25.657 -9.520 -9.920 0.285 0.295 
25.648 -9.533 -9.935 0.287 0.294 
26.633 -9.379 -8.737 0.289 0.291 
28.323 -7.906 -6.427 0.277 0.289 
29.520 -6.685 -7.004 0.277 0.289 
29.897 -5.636 -8.108 0.286 0.290 
30.182 -5.140 -8.678 0.291 0.289 
30.375 -5.071 -9.076 0.295 0.288 
30.479 -5.135 -9.750 0.296 0.286 
30.527 -5.265 -9.854 0.293 0.284 
30.406 -5.277 -10.148 0.293 0.283 
30.470 -5.212 -10.003 0.285 0.283 
30.548 -5.196 -9.742 0.292 0.281 
31.208 -3.503 -7.963 0.288 0.287 
31.395 -1.738 -7.952 0.286 0.291 
31.751 -0.349 -8.279 0.287 0.295 
31.890 0.446 -8.934 0.295 0.297 
32.446 0.350 -8.911 0.289 0.295 
32.453 0.315 -9.534 0.292 0.295 
32.509 0.273 -9.805 0.292 0.294 
32.519 0.301 -9.799 0.291 0.295 
32.495 0.468 -9.893 0.287 0.296 
32.474 0.541 -9.809 0.280 0.295 
32.476 0.608 -9.788 0.288 0.296 
32.454 1.821 -8.920 0.285 0.302 
31.769 3.764 -8.715 0.282 0.310 
31.577 4.199 -9.220 0.289 0.313 
31.576 4.765 -9.109 0.289 0.316 
31.334 5.803 -9.066 0.287 0.321 
31.220 6.645 -9.163 0.287 0.325 
31.234 6.801 -9.568 0.289 0.324 
31.264 6.750 -9.645 0.287 0.324 
31.192 6.786 -9.889 0.285 0.325 
31.253 6.796 -9.706 0.287 0.325 
31.794 7.315 -7.813 0.285 0.332 
30.492 8.037 -7.598 0.294 0.340 
29.101 8.538 -8.168 0.296 0.340 
28.000 9.033 -8.949 0.302 0.338 
27.281 10.345 -9.135 0.301 0.341 
26.924 11.738 -9.031 0.300 0.343 
26.736 11.813 -9.726 0.304 0.340 
26.620 11.576 -10.104 0.305 0.336 
26.541 11.598 -10.257 0.302 0.334 
26.564 11.511 -10.025 0.292 0.328 
25.498 10.900 -9.605 0.295 0.311 
23.073 8.846 -6.831 0.282 0.272 
17.119 10.379 -5.641 0.280 0.243 
13.538 12.294 -7.994 0.297 0.225 
13.582 14.180 -9.610 0.297 0.219 
15.029 14.113 -8.865 0.303 0.214 
16.584 13.324 -7.737 0.311 0.215 
17.350 11.898 -9.759 0.336 0.215 
17.519 11.645 -11.113 0.345 0.216 
17.534 11.681 -11.193 0.349 0.217 
17.604 11.741 -11.152 0.345 0.218 
17.554 11.835 -11.134 0.343 0.215 
17.885 12.803 -9.869 0.340 0.215 
17.504 13.159 -6.860 0.322 0.212 
15.786 13.010 -6.456 0.323 0.210 
14.484 12.251 -8.450 0.334 0.209 
13.705 11.692 -9.718 0.338 0.207 
13.596 11.072 -10.037 0.334 0.204 
13.282 10.962 -11.156 0.337 0.205 
13.373 10.914 -11.082 0.330 0.206 
13.141 10.818 -10.883 0.328 0.206 
12.528 10.386 -10.330 0.327 0.209 
10.506 8.701 -10.637 0.330 0.212 
8.900 7.013 -11.162 0.329 0.213 
8.666 7.003 -10.864 0.325 0.214 
8.688 7.925 -10.866 0.324 0.218 
8.545 7.874 -11.111 0.330 0.220 
8.522 7.121 -10.839 0.324 0.216 
8.020 6.861 -11.167 0.329 0.216 
8.143 6.924 -11.009 0.316 0.217 
8.043 7.163 -10.998 0.308 0.220 
7.986 7.307 -10.870 0.304 0.223 
8.051 7.365 -10.760 0.302 0.222 
8.052 7.352 -10.727 0.301 0.221 
7.982 7.511 -10.691 0.304 0.224 
8.344 8.439 -9.155 0.297 0.232 
7.081 9.506 -6.179 0.275 0.251 
6.478 6.190 -4.100 0.262 0.253 
6.404 1.062 -3.260 0.251 0.243 
6.109 -2.662 -2.806 0.248 0.237 
6.209 -6.163 -2.263 0.243 0.230 
6.057 -8.166 -3.348 0.246 0.227 
5.656 -9.022 -4.879 0.249 0.226 
5.275 -8.912 -5.750 0.252 0.228 
5.168 -8.882 -6.312 0.251 0.229 
5.101 -8.642 -6.794 0.252 0.231 
5.255 -8.719 -6.864 0.254 0.232 
5.466 -8.792 -6.917 0.257 0.231 
6.046 -9.063 -6.896 0.257 0.232 
7.364 -9.637 -6.655 0.258 0.231 
8.991 -10.670 -6.315 0.260 0.228 
10.510 -12.197 -6.621 0.263 0.225 
11.184 -12.408 -7.438 0.266 0.223 
10.423 -9.894 -8.214 0.269 0.229 
7.912 -3.282 -8.359 0.268 0.247 
5.380 2.456 -8.690 0.273 0.264 
5.688 2.435 -8.704 0.272 0.265 
7.815 -2.086 -8.512 0.274 0.252 
10.879 -8.163 -8.279 0.271 0.237 
12.691 -11.300 -8.413 0.273 0.230 
13.026 -11.457 -8.426 0.273 0.228 
12.349 -9.555 -8.578 0.273 0.232 
9.932 -3.246 -8.543 0.269 0.250 
7.174 3.639 -8.592 0.273 0.269 
6.741 6.202 -8.494 0.271 0.274 
7.628 4.783 -8.690 0.271 0.270 
9.893 -0.104 -8.671 0.272 0.256 
12.328 -5.552 -8.548 0.270 0.242 
13.716 -8.638 -8.560 0.269 0.233 
13.806 -8.494 -8.372 0.264 0.231 
12.471 -5.572 -8.492 0.266 0.238 
9.932 0.094 -8.490 0.266 0.257 
9.594 0.091 -8.360 0.273 0.257 
12.000 -4.984 -7.511 0.271 0.239 
14.936 -9.470 -7.675 0.267 0.227 
17.513 -10.944 -7.679 0.265 0.225 
19.482 -10.691 -7.959 0.266 0.230 
21.361 -10.767 -8.092 0.265 0.231 
21.806 -11.196 -8.248 0.265 0.231 
20.167 -11.866 -8.490 0.266 0.229 
16.974 -10.950 -8.470 0.269 0.235 
13.734 -8.956 -8.288 0.269 0.238 
11.269 -6.135 -8.034 0.273 0.244 
14.017 -7.031 -6.687 0.264 0.235 
18.356 -9.325 -6.997 0.261 0.230 
21.428 -10.266 -7.949 0.257 0.231 
23.045 -10.568 -8.293 0.253 0.231 
22.828 -10.194 -8.304 0.253 0.236 
21.051 -9.061 -8.318 0.257 0.243 
18.326 -5.814 -7.993 0.253 0.258 
15.028 -1.495 -8.194 0.258 0.277 
14.375 0.512 -7.169 0.256 0.292 
18.416 -0.620 -3.461 0.224 0.317 
21.623 -4.724 -3.111 0.219 0.337 
22.470 -7.092 -4.272 0.232 0.336 
22.697 -6.336 -5.127 0.238 0.336 
23.261 -6.684 -7.158 0.246 0.325 
22.387 -5.967 -7.564 0.241 0.321 
18.935 -2.548 -7.898 0.246 0.337 
15.551 1.470 -7.881 0.254 0.360 
19.247 -2.334 -5.642 0.242 0.354 
23.947 -8.800 -5.718 0.239 0.340 
25.699 -10.501 -6.974 0.245 0.338 
25.680 -9.248 -7.391 0.245 0.338 
24.422 -7.616 -7.787 0.245 0.333 
19.842 -2.087 -8.214 0.251 0.347 
15.726 1.615 -8.001 0.255 0.354 
15.057 -0.674 -6.014 0.255 0.335 
16.220 -5.327 -4.638 0.256 0.306 
18.277 -9.085 -5.410 0.259 0.283 
17.953 -8.782 -6.567 0.269 0.278 
16.031 -6.774 -6.591 0.271 0.275 
14.421 -5.019 -8.084 0.271 0.271 
13.495 -2.993 -8.669 0.261 0.267 
11.438 2.356 -8.787 0.263 0.280 
10.467 6.130 -8.791 0.264 0.288 
10.577 6.636 -8.636 0.267 0.288 
10.319 5.329 -8.065 0.265 0.279 
8.742 5.082 -8.569 0.262 0.276 
7.866 5.884 -8.480 0.258 0.274 
7.716 7.803 -8.250 0.257 0.279 
8.319 9.304 -8.442 0.262 0.282 
9.062 10.444 -8.590 0.264 0.286 
10.697 8.329 -7.344 0.261 0.277 
13.302 1.760 -6.255 0.253 0.248 
13.944 -1.593 -7.365 0.263 0.233 
13.858 -0.871 -7.974 0.266 0.229 
13.270 2.394 -8.561 0.273 0.234 
12.181 7.692 -8.331 0.266 0.246 
11.308 12.135 -8.406 0.273 0.258 
12.834 10.322 -6.784 0.267 0.251 
15.598 2.614 -6.420 0.267 0.225 
18.616 -4.886 -7.014 0.270 0.204 
19.316 -6.191 -7.858 0.270 0.202 
18.082 -1.671 -8.166 0.272 0.216 
16.388 5.170 -8.487 0.268 0.234 
15.313 9.301 -8.619 0.269 0.244 
15.241 9.733 -8.191 0.273 0.247 
16.727 6.594 -6.736 0.270 0.239 
19.542 0.377 -6.194 0.264 0.215 
21.542 -5.076 -7.515 0.277 0.193 
21.849 -6.260 -8.566 0.287 0.185 
21.074 -3.426 -8.978 0.282 0.187 
19.002 2.954 -9.740 0.287 0.202 
16.971 9.611 -9.625 0.288 0.219 
16.585 11.989 -8.981 0.288 0.224 
18.766 7.543 -8.201 0.284 0.208 
21.801 -0.335 -7.996 0.289 0.187 
23.551 -5.112 -8.764 0.294 0.175 
24.247 -5.505 -8.756 0.295 0.173 
24.208 -4.578 -9.327 0.297 0.173 
24.089 -3.595 -9.539 0.289 0.172 
22.539 -0.113 -9.690 0.293 0.185 
20.523 5.116 -9.260 0.289 0.208 
18.831 9.907 -8.304 0.279 0.234 
20.614 7.042 -6.998 0.273 0.232 
24.070 0.590 -6.484 0.263 0.216 
26.096 -2.610 -6.917 0.257 0.210 
26.838 -2.389 -7.244 0.260 0.212 
27.641 -1.734 -7.037 0.253 0.217 
27.865 -1.373 -7.207 0.259 0.219 
25.669 3.226 -7.181 0.256 0.240 
21.742 10.594 -7.623 0.261 0.275 
20.925 12.149 -7.590 0.269 0.288 
24.361 7.181 -6.189 0.262 0.267 
27.667 1.971 -5.773 0.261 0.243 
27.931 1.423 -7.433 0.260 0.235 
27.843 2.471 -7.341 0.260 0.235 
29.045 1.805 -7.499 0.256 0.228 
28.158 3.356 -7.856 0.260 0.228 
26.019 7.136 -8.006 0.262 0.238 
24.655 10.036 -8.095 0.270 0.248 
25.543 9.792 -7.291 0.272 0.247 
28.781 5.958 -5.819 0.263 0.229 
31.024 2.225 -6.570 0.262 0.213 
30.436 3.017 -8.180 0.270 0.216 
29.600 5.586 -8.255 0.268 0.225 
28.302 8.937 -8.098 0.267 0.236 
26.832 10.498 -8.232 0.270 0.241 
25.343 10.995 -8.441 0.269 0.243 
23.746 11.738 -8.203 0.262 0.246 
22.152 12.511 -8.369 0.265 0.250 
20.069 13.557 -8.303 0.266 0.255 
17.472 14.928 -8.478 0.268 0.260 
15.886 14.756 -8.397 0.264 0.262 
14.494 14.361 -8.377 0.263 0.263 
13.114 13.835 -8.460 0.265 0.263 
11.872 12.938 -8.546 0.266 0.263 
10.709 11.780 -8.590 0.265 0.263 
9.632 10.656 -8.510 0.262 0.262 
8.433 8.780 -8.390 0.261 0.259 
7.172 6.075 -8.477 0.265 0.255 
6.365 2.904 -8.443 0.266 0.248 
6.227 0.966 -6.420 0.259 0.246 
