TP_TYPE 2
5.091 -9.543 3.704 0.019 0.325 
5.236 -9.465 3.598 0.021 0.325 
5.367 -9.344 3.524 0.014 0.325 
5.501 -9.218 3.499 0.019 0.326 
5.656 -9.106 3.531 0.018 0.327 
5.811 -9.000 3.556 0.014 0.328 
5.968 -8.901 3.581 0.013 0.327 
6.122 -8.797 3.571 0.015 0.328 
6.282 -8.694 3.555 0.016 0.330 
6.418 -8.559 3.507 0.010 0.329 
6.517 -8.425 3.453 0.015 0.331 
6.629 -8.298 3.361 0.011 0.331 
6.739 -8.201 3.262 0.015 0.332 
6.845 -8.123 3.141 0.014 0.332 
6.952 -8.030 2.977 0.017 0.333 
7.079 -7.936 2.836 0.015 0.333 
7.166 -7.814 2.666 0.016 0.335 
7.255 -7.694 2.526 0.019 0.336 
7.370 -7.578 2.410 0.015 0.336 
7.469 -7.437 2.270 0.015 0.337 
7.568 -7.315 2.168 0.015 0.338 
7.620 -7.137 2.028 0.014 0.340 
7.662 -6.980 1.869 0.016 0.342 
7.713 -6.864 1.715 0.011 0.341 
7.764 -6.767 1.506 0.011 0.343 
7.814 -6.705 1.341 0.010 0.343 
7.846 -6.612 1.152 0.008 0.344 
7.881 -6.533 1.036 0.009 0.345 
7.897 -6.428 0.915 0.010 0.347 
7.897 -6.368 0.834 0.006 0.347 
7.917 -6.357 0.753 0.005 0.347 
7.961 -6.372 0.682 0.005 0.348 
7.944 -6.357 0.602 0.009 0.349 
7.928 -6.346 0.546 0.006 0.349 
7.872 -6.321 0.492 0.004 0.348 
7.848 -6.318 0.469 0.003 0.348 
7.832 -6.329 0.446 0.003 0.348 
7.822 -6.352 0.426 0.002 0.348 
7.801 -6.377 0.394 0.001 0.348 
7.762 -6.390 0.358 0.000 0.348 
7.720 -6.389 0.302 0.002 0.349 
7.675 -6.378 0.263 0.001 0.349 
7.637 -6.364 0.244 0.001 0.349 
7.616 -6.359 0.232 0.001 0.349 
7.606 -6.362 0.223 0.002 0.349 
7.605 -6.380 0.214 0.002 0.349 
7.614 -6.411 0.204 0.002 0.349 
7.630 -6.442 0.188 0.002 0.350 
7.654 -6.466 0.183 0.002 0.350 
7.671 -6.494 0.182 0.002 0.350 
7.719 -6.529 0.179 0.002 0.349 
7.744 -6.578 0.176 0.003 0.348 
7.784 -6.630 0.178 0.003 0.348 
7.820 -6.660 0.151 0.004 0.349 
7.868 -6.696 0.126 0.003 0.349 
7.890 -6.732 0.085 0.003 0.349 
7.908 -6.772 0.070 0.008 0.350 
7.917 -6.776 0.021 0.005 0.349 
7.922 -6.802 -0.008 0.004 0.349 
7.929 -6.817 -0.035 0.005 0.349 
7.938 -6.825 -0.075 0.005 0.349 
7.947 -6.825 -0.106 0.005 0.349 
7.954 -6.819 -0.145 0.004 0.349 
7.972 -6.817 -0.185 0.006 0.349 
7.980 -6.801 -0.213 0.006 0.349 
7.987 -6.787 -0.241 0.005 0.349 
7.985 -6.783 -0.262 0.005 0.350 
7.986 -6.783 -0.278 0.005 0.350 
7.992 -6.789 -0.301 0.006 0.350 
8.003 -6.795 -0.313 0.006 0.350 
8.010 -6.806 -0.326 0.008 0.350 
8.029 -6.812 -0.326 0.009 0.350 
8.046 -6.817 -0.327 0.010 0.350 
8.066 -6.822 -0.323 0.011 0.350 
8.094 -6.834 -0.311 0.012 0.350 
8.125 -6.852 -0.304 0.013 0.350 
8.169 -6.865 -0.300 0.014 0.351 
8.211 -6.870 -0.293 0.014 0.350 
8.246 -6.867 -0.283 0.015 0.351 
8.296 -6.862 -0.274 0.016 0.351 
8.349 -6.862 -0.260 0.017 0.350 
8.401 -6.871 -0.256 0.018 0.351 
8.446 -6.883 -0.257 0.019 0.351 
8.497 -6.899 -0.262 0.020 0.352 
8.541 -6.891 -0.253 0.021 0.352 
8.569 -6.879 -0.197 0.027 0.352 
8.604 -6.850 -0.139 0.026 0.352 
8.650 -6.824 -0.080 0.027 0.352 
8.688 -6.806 -0.024 0.028 0.352 
8.711 -6.766 -0.003 0.028 0.352 
8.728 -6.719 0.014 0.030 0.352 
8.758 -6.652 0.003 0.028 0.352 
8.763 -6.552 -0.003 0.030 0.352 
8.798 -6.485 0.007 0.030 0.352 
8.820 -6.435 -0.016 0.031 0.353 
8.828 -6.404 -0.055 0.032 0.353 
8.827 -6.377 -0.109 0.033 0.353 
8.819 -6.307 -0.205 0.035 0.354 
8.809 -6.252 -0.263 0.035 0.353 
8.799 -6.197 -0.277 0.034 0.353 
8.795 -6.116 -0.251 0.035 0.354 
8.792 -6.017 -0.220 0.041 0.355 
8.827 -5.921 -0.191 0.037 0.355 
8.878 -5.849 -0.138 0.037 0.356 
8.902 -5.773 -0.090 0.037 0.356 
8.917 -5.690 -0.070 0.036 0.356 
8.925 -5.590 -0.053 0.036 0.357 
8.913 -5.442 -0.047 0.042 0.359 
8.904 -5.281 -0.037 0.036 0.359 
8.915 -5.170 -0.016 0.037 0.359 
8.942 -5.062 -0.019 0.042 0.361 
8.990 -4.968 -0.029 0.040 0.360 
9.014 -4.858 -0.059 0.037 0.360 
9.022 -4.738 -0.110 0.042 0.361 
9.031 -4.598 -0.173 0.038 0.361 
9.041 -4.447 -0.206 0.043 0.362 
9.066 -4.302 -0.187 0.044 0.362 
9.123 -4.171 -0.180 0.039 0.362 
9.189 -4.079 -0.156 0.040 0.363 
9.245 -3.974 -0.170 0.046 0.364 
9.285 -3.888 -0.159 0.046 0.364 
9.317 -3.787 -0.181 0.042 0.364 
9.374 -3.689 -0.182 0.041 0.364 
9.407 -3.577 -0.180 0.046 0.365 
9.441 -3.485 -0.146 0.047 0.365 
9.483 -3.383 -0.093 0.048 0.365 
9.520 -3.276 -0.083 0.043 0.365 
9.547 -3.186 -0.089 0.049 0.365 
9.591 -3.137 -0.107 0.050 0.366 
9.629 -3.106 -0.149 0.051 0.367 
9.636 -3.080 -0.223 0.052 0.367 
9.622 -3.019 -0.373 0.053 0.367 
9.626 -3.000 -0.488 0.055 0.367 
9.634 -2.984 -0.603 0.055 0.367 
9.630 -2.921 -0.757 0.057 0.368 
9.638 -2.884 -0.833 0.057 0.368 
9.649 -2.841 -0.868 0.057 0.368 
9.679 -2.764 -0.868 0.057 0.368 
9.680 -2.634 -0.835 0.063 0.369 
9.689 -2.506 -0.784 0.057 0.370 
9.699 -2.404 -0.737 0.060 0.371 
9.734 -2.338 -0.711 0.059 0.371 
9.760 -2.282 -0.711 0.059 0.371 
9.770 -2.226 -0.722 0.060 0.371 
9.750 -2.147 -0.758 0.066 0.373 
9.737 -2.085 -0.807 0.063 0.373 
9.710 -2.011 -0.864 0.063 0.372 
9.670 -1.965 -0.923 0.064 0.372 
9.653 -1.922 -1.006 0.070 0.374 
9.652 -1.903 -1.067 0.070 0.373 
9.663 -1.889 -1.135 0.071 0.373 
9.699 -1.867 -1.194 0.068 0.373 
9.705 -1.836 -1.240 0.067 0.372 
9.699 -1.794 -1.298 0.073 0.373 
9.706 -1.766 -1.351 0.074 0.372 
9.711 -1.749 -1.384 0.074 0.372 
9.719 -1.742 -1.412 0.075 0.372 
9.732 -1.731 -1.462 0.072 0.372 
9.746 -1.726 -1.499 0.072 0.372 
9.745 -1.724 -1.532 0.072 0.372 
9.743 -1.721 -1.566 0.072 0.371 
9.740 -1.716 -1.616 0.072 0.371 
9.727 -1.700 -1.671 0.072 0.370 
9.714 -1.686 -1.722 0.077 0.371 
9.708 -1.692 -1.756 0.079 0.371 
9.699 -1.698 -1.794 0.078 0.371 
9.690 -1.700 -1.828 0.078 0.370 
9.691 -1.700 -1.858 0.078 0.370 
9.699 -1.701 -1.877 0.078 0.370 
9.707 -1.701 -1.893 0.078 0.370 
9.712 -1.698 -1.899 0.078 0.369 
9.717 -1.687 -1.911 0.077 0.370 
9.712 -1.687 -1.891 0.080 0.369 
9.713 -1.676 -1.880 0.080 0.369 
9.721 -1.662 -1.866 0.081 0.368 
9.735 -1.646 -1.848 0.081 0.368 
9.746 -1.626 -1.821 0.082 0.367 
9.756 -1.610 -1.790 0.083 0.367 
9.764 -1.597 -1.751 0.085 0.367 
9.768 -1.584 -1.722 0.086 0.367 
9.776 -1.570 -1.680 0.086 0.366 
9.805 -1.565 -1.641 0.087 0.366 
9.865 -1.571 -1.589 0.089 0.366 
9.933 -1.618 -1.479 0.089 0.364 
9.997 -1.625 -1.344 0.091 0.364 
10.081 -1.603 -1.110 0.090 0.363 
10.188 -1.625 -0.805 0.086 0.363 
10.292 -1.703 -0.468 0.085 0.361 
10.375 -1.825 -0.129 0.082 0.360 
10.467 -2.006 0.165 0.082 0.359 
10.531 -2.228 0.458 0.086 0.358 
10.593 -2.478 0.702 0.083 0.357 
10.656 -2.759 0.904 0.083 0.356 
10.732 -3.079 1.100 0.078 0.353 
10.807 -3.398 1.252 0.078 0.352 
10.883 -3.728 1.373 0.079 0.352 
10.960 -4.066 1.474 0.078 0.351 
11.013 -4.403 1.544 0.079 0.349 
11.055 -4.732 1.590 0.080 0.348 
11.085 -5.057 1.604 0.080 0.347 
11.120 -5.370 1.587 0.078 0.346 
11.138 -5.663 1.527 0.082 0.346 
11.172 -5.953 1.482 0.083 0.345 
11.197 -6.186 1.411 0.082 0.345 
11.228 -6.406 1.378 0.082 0.344 
11.246 -6.580 1.331 0.083 0.344 
11.278 -6.773 1.284 0.088 0.344 
11.321 -6.958 1.224 0.085 0.343 
11.351 -7.142 1.115 0.086 0.343 
11.367 -7.256 1.062 0.086 0.344 
11.387 -7.355 1.012 0.087 0.343 
11.437 -7.462 1.037 0.087 0.343 
11.493 -7.521 1.034 0.086 0.343 
11.554 -7.603 1.036 0.085 0.344 
11.609 -7.720 1.007 0.086 0.343 
11.684 -7.851 0.993 0.083 0.343 
11.733 -7.993 0.959 0.088 0.342 
11.780 -8.077 0.937 0.086 0.342 
11.812 -8.132 0.920 0.086 0.343 
11.853 -8.165 0.913 0.087 0.343 
11.924 -8.212 0.919 0.089 0.343 
11.992 -8.283 0.951 0.085 0.342 
12.039 -8.359 0.987 0.087 0.341 
12.117 -8.439 1.018 0.087 0.341 
12.174 -8.490 1.032 0.088 0.342 
12.212 -8.522 1.030 0.088 0.342 
12.247 -8.531 1.020 0.088 0.343 
12.254 -8.546 0.995 0.088 0.343 
12.258 -8.567 0.961 0.089 0.343 
12.271 -8.596 0.911 0.089 0.342 
12.260 -8.611 0.861 0.091 0.342 
12.241 -8.602 0.845 0.091 0.343 
12.219 -8.582 0.850 0.091 0.343 
12.192 -8.546 0.880 0.091 0.344 
12.180 -8.526 0.914 0.090 0.344 
12.165 -8.513 0.959 0.091 0.343 
12.162 -8.508 1.008 0.091 0.344 
12.154 -8.511 1.043 0.091 0.344 
12.132 -8.522 1.058 0.091 0.344 
12.087 -8.528 1.058 0.093 0.344 
12.033 -8.542 1.044 0.093 0.344 
11.976 -8.567 1.021 0.094 0.346 
11.907 -8.602 0.966 0.095 0.345 
11.844 -8.637 0.890 0.093 0.346 
11.775 -8.687 0.806 0.094 0.344 
11.720 -8.700 0.739 0.093 0.344 
11.669 -8.713 0.668 0.095 0.345 
11.645 -8.742 0.613 0.096 0.345 
11.630 -8.782 0.543 0.096 0.345 
11.605 -8.831 0.459 0.096 0.346 
11.574 -8.919 0.334 0.096 0.345 
11.539 -8.980 0.216 0.097 0.344 
11.513 -9.023 0.079 0.097 0.345 
11.476 -9.008 -0.058 0.099 0.346 
11.443 -9.018 -0.169 0.098 0.345 
11.437 -9.036 -0.286 0.098 0.345 
11.421 -9.035 -0.378 0.098 0.345 
11.403 -9.010 -0.481 0.100 0.346 
11.395 -9.013 -0.555 0.100 0.346 
11.397 -9.011 -0.620 0.099 0.346 
11.386 -8.994 -0.667 0.097 0.346 
11.391 -8.993 -0.715 0.097 0.347 
11.389 -8.995 -0.763 0.098 0.347 
11.387 -8.987 -0.814 0.098 0.346 
11.382 -8.983 -0.862 0.097 0.346 
11.375 -8.949 -0.929 0.100 0.348 
11.373 -8.935 -0.967 0.100 0.347 
11.370 -8.921 -1.003 0.099 0.347 
11.359 -8.907 -1.046 0.098 0.346 
11.355 -8.905 -1.084 0.097 0.346 
11.348 -8.907 -1.120 0.097 0.346 
11.347 -8.906 -1.168 0.097 0.346 
11.341 -8.912 -1.199 0.097 0.346 
11.336 -8.917 -1.234 0.096 0.346 
11.330 -8.920 -1.265 0.096 0.346 
11.330 -8.920 -1.288 0.096 0.346 
11.329 -8.923 -1.307 0.096 0.346 
11.336 -8.926 -1.323 0.095 0.346 
11.336 -8.929 -1.342 0.095 0.346 
11.323 -8.909 -1.392 0.097 0.348 
11.316 -8.914 -1.419 0.097 0.348 
11.307 -8.911 -1.440 0.097 0.348 
11.301 -8.903 -1.455 0.096 0.348 
11.297 -8.896 -1.459 0.096 0.348 
11.294 -8.887 -1.449 0.096 0.348 
11.290 -8.874 -1.424 0.096 0.348 
11.291 -8.866 -1.398 0.097 0.348 
11.295 -8.856 -1.368 0.097 0.348 
11.302 -8.844 -1.330 0.098 0.348 
11.319 -8.859 -1.261 0.096 0.346 
11.333 -8.849 -1.207 0.096 0.346 
11.340 -8.838 -1.142 0.098 0.346 
11.359 -8.823 -1.072 0.098 0.346 
11.402 -8.793 -0.973 0.099 0.345 
11.529 -8.794 -0.798 0.104 0.347 
11.693 -8.836 -0.585 0.097 0.346 
11.902 -8.925 -0.311 0.097 0.345 
12.133 -9.016 -0.046 0.097 0.345 
12.404 -9.167 0.253 0.098 0.343 
12.663 -9.317 0.507 0.092 0.341 
12.919 -9.488 0.756 0.090 0.340 
13.147 -9.663 0.974 0.088 0.339 
13.353 -9.867 1.117 0.087 0.338 
13.530 -10.031 1.210 0.081 0.336 
13.660 -10.194 1.245 0.087 0.336 
13.804 -10.391 1.211 0.081 0.335 
13.877 -10.566 1.132 0.087 0.334 
13.938 -10.731 1.020 0.088 0.334 
14.005 -10.895 0.888 0.090 0.334 
14.058 -11.023 0.796 0.090 0.333 
14.159 -11.196 0.722 0.084 0.333 
14.212 -11.320 0.689 0.089 0.332 
14.244 -11.422 0.617 0.086 0.332 
14.259 -11.533 0.560 0.090 0.331 
14.270 -11.631 0.474 0.090 0.331 
14.270 -11.747 0.377 0.092 0.331 
14.268 -11.867 0.289 0.086 0.330 
14.255 -11.954 0.195 0.087 0.329 
14.252 -12.044 0.104 0.086 0.330 
14.257 -12.129 0.012 0.087 0.330 
14.266 -12.234 -0.073 0.087 0.329 
14.288 -12.356 -0.161 0.088 0.329 
14.340 -12.497 -0.215 0.092 0.329 
14.365 -12.621 -0.286 0.093 0.329 
14.382 -12.713 -0.334 0.093 0.329 
14.407 -12.793 -0.357 0.088 0.327 
14.410 -12.829 -0.368 0.088 0.327 
14.416 -12.851 -0.364 0.088 0.327 
14.423 -12.878 -0.358 0.088 0.328 
14.430 -12.900 -0.375 0.088 0.327 
14.439 -12.921 -0.391 0.088 0.327 
14.459 -12.942 -0.380 0.090 0.328 
14.474 -12.967 -0.378 0.089 0.329 
14.492 -13.002 -0.389 0.089 0.329 
14.503 -13.070 -0.428 0.090 0.328 
14.502 -13.147 -0.466 0.094 0.327 
14.520 -13.207 -0.500 0.094 0.327 
14.547 -13.249 -0.524 0.095 0.328 
14.566 -13.259 -0.530 0.095 0.327 
14.578 -13.254 -0.517 0.095 0.327 
14.585 -13.270 -0.535 0.095 0.327 
14.585 -13.281 -0.565 0.095 0.327 
14.600 -13.300 -0.597 0.094 0.327 
14.632 -13.336 -0.646 0.094 0.328 
14.650 -13.382 -0.700 0.095 0.328 
14.664 -13.412 -0.750 0.096 0.328 
14.662 -13.427 -0.808 0.095 0.327 
14.663 -13.438 -0.852 0.094 0.328 
14.669 -13.446 -0.890 0.095 0.328 
14.676 -13.448 -0.920 0.095 0.328 
14.686 -13.453 -0.948 0.096 0.328 
14.688 -13.461 -0.960 0.096 0.328 
14.708 -13.469 -1.010 0.093 0.329 
14.697 -13.476 -1.045 0.092 0.328 
14.702 -13.504 -1.077 0.093 0.329 
14.692 -13.510 -1.118 0.091 0.329 
14.689 -13.520 -1.154 0.091 0.329 
14.683 -13.530 -1.177 0.091 0.329 
14.677 -13.536 -1.193 0.092 0.329 
14.674 -13.534 -1.206 0.092 0.329 
14.678 -13.533 -1.211 0.092 0.329 
14.685 -13.530 -1.213 0.092 0.329 
14.691 -13.526 -1.215 0.092 0.329 
14.694 -13.519 -1.215 0.092 0.329 
14.689 -13.509 -1.215 0.092 0.329 
14.673 -13.482 -1.236 0.098 0.330 
14.670 -13.477 -1.238 0.098 0.330 
14.668 -13.476 -1.245 0.098 0.330 
14.666 -13.476 -1.259 0.098 0.330 
14.663 -13.482 -1.277 0.097 0.330 
14.661 -13.492 -1.297 0.098 0.330 
14.660 -13.505 -1.319 0.098 0.330 
14.656 -13.515 -1.343 0.098 0.330 
14.653 -13.521 -1.374 0.097 0.329 
14.651 -13.524 -1.396 0.097 0.329 
14.650 -13.522 -1.415 0.097 0.329 
14.646 -13.518 -1.432 0.096 0.329 
14.645 -13.506 -1.466 0.093 0.329 
14.635 -13.504 -1.487 0.092 0.329 
14.620 -13.512 -1.496 0.095 0.328 
14.617 -13.510 -1.525 0.094 0.329 
14.615 -13.509 -1.553 0.094 0.329 
14.615 -13.481 -1.611 0.089 0.328 
14.606 -13.476 -1.637 0.089 0.328 
14.592 -13.471 -1.658 0.089 0.328 
14.582 -13.473 -1.680 0.089 0.328 
14.572 -13.471 -1.686 0.089 0.328 
14.575 -13.465 -1.673 0.090 0.328 
14.587 -13.460 -1.655 0.091 0.327 
14.617 -13.459 -1.623 0.092 0.327 
14.639 -13.464 -1.567 0.094 0.327 
14.674 -13.470 -1.500 0.098 0.327 
14.695 -13.467 -1.417 0.099 0.326 
14.742 -13.469 -1.340 0.102 0.326 
14.793 -13.476 -1.214 0.108 0.326 
14.908 -13.465 -1.084 0.110 0.325 
15.082 -13.485 -0.848 0.110 0.325 
15.236 -13.469 -0.624 0.111 0.324 
15.455 -13.504 -0.374 0.104 0.324 
15.664 -13.585 -0.107 0.104 0.323 
15.885 -13.674 0.087 0.108 0.322 
16.101 -13.773 0.250 0.101 0.322 
16.303 -13.871 0.374 0.106 0.321 
16.516 -13.972 0.456 0.100 0.320 
16.697 -14.060 0.490 0.102 0.320 
16.885 -14.153 0.486 0.105 0.319 
17.056 -14.245 0.434 0.107 0.320 
17.247 -14.340 0.391 0.100 0.317 
17.417 -14.412 0.331 0.101 0.318 
17.597 -14.489 0.263 0.100 0.317 
17.765 -14.553 0.217 0.101 0.317 
17.924 -14.600 0.179 0.100 0.317 
18.062 -14.659 0.102 0.101 0.317 
18.191 -14.713 0.019 0.100 0.316 
18.303 -14.759 -0.068 0.100 0.316 
18.401 -14.799 -0.147 0.102 0.316 
18.516 -14.833 -0.208 0.100 0.316 
18.615 -14.858 -0.260 0.100 0.316 
18.690 -14.866 -0.297 0.100 0.316 
18.767 -14.860 -0.344 0.100 0.315 
18.822 -14.821 -0.389 0.106 0.317 
18.902 -14.781 -0.403 0.100 0.316 
18.965 -14.753 -0.378 0.104 0.317 
19.023 -14.700 -0.368 0.100 0.317 
19.066 -14.653 -0.364 0.097 0.317 
19.109 -14.595 -0.353 0.097 0.316 
19.183 -14.534 -0.363 0.096 0.316 
19.227 -14.474 -0.350 0.096 0.316 
19.261 -14.405 -0.367 0.100 0.317 
19.317 -14.352 -0.374 0.101 0.318 
19.361 -14.291 -0.413 0.094 0.317 
19.395 -14.245 -0.448 0.094 0.317 
19.425 -14.190 -0.501 0.094 0.317 
19.450 -14.152 -0.538 0.094 0.317 
19.493 -14.090 -0.598 0.097 0.319 
19.553 -14.050 -0.602 0.092 0.318 
19.643 -14.010 -0.568 0.092 0.319 
19.754 -13.981 -0.509 0.094 0.319 
19.866 -13.957 -0.454 0.090 0.319 
19.986 -13.970 -0.381 0.095 0.320 
20.102 -13.988 -0.330 0.091 0.318 
20.205 -14.009 -0.298 0.090 0.318 
20.341 -14.056 -0.263 0.089 0.317 
20.461 -14.111 -0.216 0.089 0.317 
20.587 -14.162 -0.215 0.090 0.317 
20.685 -14.217 -0.225 0.091 0.317 
20.734 -14.261 -0.273 0.096 0.317 
20.759 -14.261 -0.369 0.090 0.317 
20.780 -14.276 -0.452 0.090 0.316 
20.809 -14.280 -0.532 0.091 0.316 
20.850 -14.277 -0.606 0.092 0.315 
20.880 -14.275 -0.663 0.092 0.315 
20.904 -14.230 -0.769 0.096 0.317 
20.914 -14.212 -0.841 0.091 0.316 
20.932 -14.208 -0.925 0.092 0.315 
20.954 -14.215 -1.017 0.093 0.315 
20.960 -14.212 -1.093 0.093 0.315 
20.956 -14.179 -1.192 0.096 0.317 
20.945 -14.171 -1.261 0.093 0.316 
20.938 -14.165 -1.300 0.093 0.316 
20.932 -14.156 -1.353 0.093 0.315 
20.931 -14.148 -1.383 0.093 0.315 
20.946 -14.137 -1.403 0.094 0.315 
20.957 -14.136 -1.413 0.095 0.315 
20.969 -14.128 -1.418 0.096 0.315 
20.993 -14.125 -1.425 0.097 0.316 
21.001 -14.123 -1.435 0.097 0.316 
21.005 -14.117 -1.448 0.098 0.316 
21.003 -14.118 -1.469 0.098 0.316 
21.003 -14.108 -1.488 0.098 0.316 
20.991 -14.077 -1.521 0.103 0.317 
20.991 -14.065 -1.534 0.103 0.317 
20.988 -14.042 -1.549 0.104 0.317 
20.983 -14.014 -1.568 0.103 0.317 
20.978 -14.004 -1.574 0.103 0.317 
20.976 -14.000 -1.581 0.103 0.317 
20.970 -13.976 -1.611 0.098 0.316 
20.972 -13.991 -1.600 0.103 0.317 
20.973 -13.972 -1.632 0.097 0.316 
20.977 -13.977 -1.641 0.098 0.317 
20.980 -13.986 -1.653 0.098 0.317 
20.980 -13.994 -1.662 0.098 0.317 
20.984 -14.000 -1.666 0.098 0.317 
20.991 -14.004 -1.664 0.098 0.317 
20.999 -14.004 -1.661 0.098 0.317 
21.008 -14.022 -1.633 0.105 0.317 
21.010 -14.007 -1.654 0.099 0.317 
21.021 -14.013 -1.646 0.101 0.317 
21.015 -14.006 -1.653 0.099 0.317 
21.024 -14.007 -1.642 0.102 0.317 
21.027 -14.004 -1.633 0.102 0.317 
21.030 -13.998 -1.616 0.102 0.317 
21.036 -13.987 -1.590 0.103 0.317 
21.050 -13.972 -1.555 0.104 0.317 
21.069 -13.955 -1.507 0.106 0.317 
21.091 -13.940 -1.447 0.108 0.317 
21.114 -13.925 -1.366 0.113 0.316 
21.146 -13.896 -1.297 0.113 0.315 
21.195 -13.881 -1.191 0.110 0.314 
21.242 -13.840 -1.086 0.112 0.313 
21.341 -13.788 -0.954 0.113 0.313 
21.459 -13.764 -0.792 0.120 0.312 
21.552 -13.721 -0.607 0.121 0.312 
21.682 -13.657 -0.386 0.115 0.310 
21.846 -13.554 -0.138 0.115 0.310 
22.001 -13.463 0.147 0.116 0.310 
22.187 -13.399 0.440 0.112 0.308 
22.361 -13.305 0.684 0.113 0.307 
22.523 -13.211 0.910 0.111 0.307 
22.676 -13.098 1.096 0.113 0.307 
22.820 -12.969 1.265 0.116 0.307 
22.983 -12.777 1.376 0.110 0.306 
23.122 -12.570 1.498 0.111 0.306 
23.255 -12.345 1.586 0.114 0.307 
23.383 -12.090 1.646 0.109 0.306 
23.500 -11.849 1.712 0.115 0.307 
23.643 -11.599 1.741 0.110 0.307 
23.770 -11.379 1.773 0.114 0.307 
23.925 -11.160 1.787 0.111 0.307 
24.080 -10.980 1.798 0.114 0.307 
24.224 -10.786 1.770 0.109 0.307 
24.349 -10.611 1.747 0.114 0.307 
24.474 -10.411 1.707 0.108 0.306 
24.588 -10.246 1.659 0.114 0.307 
24.725 -10.073 1.597 0.108 0.307 
24.833 -9.897 1.536 0.108 0.306 
24.942 -9.755 1.495 0.110 0.306 
25.050 -9.604 1.458 0.116 0.308 
25.169 -9.462 1.403 0.109 0.306 
25.256 -9.333 1.371 0.115 0.307 
25.371 -9.198 1.328 0.111 0.306 
25.486 -9.109 1.331 0.109 0.306 
25.572 -9.025 1.344 0.110 0.305 
25.635 -8.931 1.347 0.115 0.306 
25.728 -8.864 1.351 0.116 0.306 
25.804 -8.805 1.339 0.108 0.305 
25.882 -8.769 1.320 0.109 0.304 
25.938 -8.749 1.301 0.110 0.304 
25.993 -8.728 1.282 0.110 0.303 
26.077 -8.701 1.279 0.111 0.303 
26.174 -8.679 1.283 0.109 0.303 
26.254 -8.671 1.288 0.110 0.302 
26.339 -8.687 1.277 0.110 0.302 
26.435 -8.723 1.244 0.112 0.302 
26.528 -8.783 1.197 0.110 0.301 
26.605 -8.858 1.150 0.110 0.301 
26.690 -8.927 1.108 0.111 0.299 
26.767 -8.991 1.077 0.112 0.300 
26.837 -9.072 1.023 0.110 0.299 
26.901 -9.166 0.986 0.112 0.300 
26.963 -9.287 0.957 0.111 0.298 
27.014 -9.382 0.866 0.112 0.297 
27.043 -9.463 0.784 0.113 0.297 
27.059 -9.533 0.705 0.113 0.297 
27.078 -9.606 0.619 0.114 0.296 
27.111 -9.668 0.562 0.115 0.297 
27.162 -9.726 0.523 0.114 0.297 
27.221 -9.793 0.496 0.113 0.296 
27.270 -9.862 0.493 0.113 0.295 
27.305 -9.928 0.471 0.114 0.295 
27.320 -9.991 0.419 0.114 0.295 
27.323 -10.042 0.353 0.114 0.295 
27.321 -10.094 0.260 0.114 0.295 
27.309 -10.137 0.159 0.115 0.294 
27.292 -10.192 0.046 0.114 0.294 
27.271 -10.237 -0.059 0.116 0.294 
27.230 -10.261 -0.145 0.117 0.294 
27.191 -10.254 -0.231 0.116 0.294 
27.152 -10.217 -0.326 0.119 0.296 
27.129 -10.206 -0.385 0.117 0.295 
27.120 -10.216 -0.425 0.117 0.295 
27.104 -10.230 -0.477 0.117 0.295 
27.088 -10.257 -0.570 0.118 0.295 
27.032 -10.289 -0.665 0.119 0.295 
27.002 -10.314 -0.739 0.120 0.295 
26.973 -10.336 -0.804 0.119 0.296 
26.956 -10.341 -0.890 0.114 0.295 
26.949 -10.354 -0.944 0.114 0.295 
26.943 -10.364 -0.981 0.114 0.295 
26.932 -10.352 -1.042 0.119 0.296 
26.919 -10.353 -1.089 0.117 0.295 
26.916 -10.366 -1.123 0.117 0.295 
26.913 -10.373 -1.167 0.116 0.295 
26.906 -10.381 -1.204 0.115 0.295 
26.893 -10.386 -1.237 0.114 0.295 
26.891 -10.393 -1.275 0.115 0.295 
26.879 -10.392 -1.298 0.115 0.295 
26.870 -10.389 -1.317 0.114 0.295 
26.864 -10.388 -1.335 0.114 0.295 
26.858 -10.380 -1.347 0.114 0.295 
26.854 -10.382 -1.359 0.113 0.295 
26.847 -10.381 -1.369 0.113 0.295 
26.838 -10.387 -1.379 0.113 0.295 
26.827 -10.394 -1.389 0.113 0.295 
26.821 -10.397 -1.398 0.113 0.295 
26.825 -10.395 -1.400 0.113 0.295 
26.836 -10.392 -1.391 0.113 0.295 
26.847 -10.386 -1.371 0.114 0.295 
26.856 -10.381 -1.350 0.114 0.295 
26.863 -10.374 -1.329 0.115 0.294 
26.872 -10.368 -1.300 0.115 0.294 
26.886 -10.357 -1.257 0.115 0.294 
26.918 -10.349 -1.209 0.117 0.294 
26.954 -10.336 -1.140 0.118 0.293 
27.049 -10.331 -1.062 0.120 0.293 
27.157 -10.332 -0.953 0.122 0.294 
27.259 -10.323 -0.790 0.121 0.291 
27.384 -10.272 -0.646 0.121 0.291 
27.526 -10.208 -0.472 0.120 0.291 
27.663 -10.121 -0.267 0.119 0.291 
27.856 -10.050 -0.002 0.118 0.291 
28.020 -9.919 0.246 0.117 0.291 
28.216 -9.784 0.507 0.115 0.291 
28.376 -9.642 0.785 0.112 0.290 
28.551 -9.489 1.029 0.113 0.291 
28.729 -9.350 1.282 0.105 0.289 
28.876 -9.185 1.480 0.105 0.289 
29.009 -9.015 1.612 0.109 0.291 
29.113 -8.869 1.719 0.108 0.290 
29.210 -8.724 1.768 0.110 0.290 
29.294 -8.577 1.778 0.105 0.289 
29.414 -8.446 1.765 0.108 0.290 
29.535 -8.335 1.736 0.110 0.290 
29.649 -8.215 1.681 0.104 0.288 
29.786 -8.097 1.603 0.110 0.290 
29.900 -7.972 1.535 0.105 0.289 
30.026 -7.832 1.464 0.109 0.290 
30.143 -7.703 1.405 0.105 0.289 
30.265 -7.573 1.340 0.110 0.289 
30.396 -7.477 1.296 0.110 0.290 
30.508 -7.368 1.229 0.105 0.289 
30.595 -7.249 1.147 0.112 0.289 
30.670 -7.129 1.080 0.107 0.289 
30.751 -6.997 1.011 0.112 0.290 
30.824 -6.877 0.983 0.113 0.290 
30.874 -6.712 0.909 0.113 0.290 
30.929 -6.617 0.880 0.114 0.290 
30.961 -6.511 0.793 0.114 0.291 
31.002 -6.451 0.698 0.116 0.291 
31.030 -6.400 0.618 0.116 0.290 
31.052 -6.294 0.495 0.114 0.290 
31.099 -6.228 0.428 0.116 0.291 
31.135 -6.168 0.379 0.117 0.291 
31.172 -6.073 0.295 0.117 0.290 
31.234 -6.031 0.267 0.117 0.291 
31.286 -6.004 0.247 0.118 0.290 
31.341 -5.974 0.233 0.118 0.290 
31.376 -5.932 0.220 0.118 0.289 
31.402 -5.869 0.196 0.115 0.289 
31.412 -5.804 0.152 0.118 0.289 
31.416 -5.760 0.113 0.119 0.289 
31.407 -5.734 0.077 0.120 0.289 
31.381 -5.714 0.034 0.121 0.289 
31.380 -5.696 -0.002 0.122 0.289 
31.383 -5.628 -0.078 0.123 0.290 
31.409 -5.591 -0.098 0.121 0.289 
31.469 -5.561 -0.107 0.122 0.289 
31.515 -5.544 -0.100 0.122 0.289 
31.566 -5.552 -0.101 0.122 0.289 
31.609 -5.576 -0.109 0.122 0.288 
31.657 -5.601 -0.132 0.123 0.288 
31.701 -5.620 -0.155 0.123 0.287 
31.747 -5.620 -0.186 0.124 0.287 
31.784 -5.631 -0.239 0.123 0.286 
31.792 -5.642 -0.310 0.123 0.286 
31.807 -5.653 -0.386 0.125 0.287 
31.814 -5.659 -0.455 0.125 0.287 
31.798 -5.624 -0.575 0.124 0.287 
31.786 -5.602 -0.658 0.124 0.286 
31.767 -5.593 -0.722 0.124 0.286 
31.764 -5.596 -0.758 0.124 0.286 
31.771 -5.600 -0.779 0.124 0.287 
31.771 -5.608 -0.798 0.125 0.287 
31.772 -5.614 -0.809 0.125 0.287 
31.766 -5.621 -0.825 0.125 0.286 
31.772 -5.624 -0.840 0.124 0.286 
31.775 -5.626 -0.856 0.124 0.286 
31.784 -5.635 -0.873 0.124 0.286 
31.783 -5.649 -0.906 0.124 0.285 
31.762 -5.665 -0.940 0.124 0.284 
31.731 -5.665 -0.992 0.121 0.284 
31.707 -5.668 -1.027 0.121 0.284 
31.692 -5.665 -1.056 0.120 0.284 
31.676 -5.647 -1.095 0.118 0.282 
31.669 -5.647 -1.113 0.117 0.282 
31.655 -5.635 -1.152 0.124 0.284 
31.648 -5.633 -1.172 0.123 0.283 
31.639 -5.630 -1.190 0.123 0.283 
31.632 -5.632 -1.209 0.122 0.283 
31.625 -5.635 -1.241 0.122 0.283 
31.609 -5.634 -1.262 0.121 0.283 
31.598 -5.634 -1.285 0.121 0.283 
31.595 -5.629 -1.310 0.121 0.284 
31.585 -5.627 -1.330 0.120 0.283 
31.579 -5.624 -1.351 0.119 0.284 
31.573 -5.621 -1.370 0.119 0.283 
31.566 -5.619 -1.386 0.118 0.283 
31.556 -5.620 -1.398 0.118 0.283 
31.545 -5.614 -1.416 0.117 0.283 
31.535 -5.597 -1.437 0.113 0.283 
31.527 -5.593 -1.436 0.114 0.283 
31.521 -5.601 -1.412 0.117 0.283 
31.528 -5.598 -1.395 0.117 0.283 
31.536 -5.597 -1.366 0.119 0.283 
31.549 -5.592 -1.336 0.119 0.283 
31.567 -5.584 -1.296 0.120 0.283 
31.590 -5.572 -1.248 0.121 0.283 
31.606 -5.551 -1.174 0.121 0.283 
31.640 -5.530 -1.108 0.122 0.282 
31.671 -5.526 -1.015 0.118 0.280 
31.701 -5.471 -0.911 0.120 0.281 
31.751 -5.334 -0.802 0.126 0.283 
31.836 -5.193 -0.603 0.124 0.284 
31.943 -5.060 -0.347 0.118 0.283 
32.063 -4.943 -0.070 0.121 0.284 
32.193 -4.804 0.158 0.119 0.285 
32.280 -4.666 0.350 0.119 0.285 
32.330 -4.528 0.493 0.119 0.285 
32.348 -4.363 0.572 0.111 0.285 
32.344 -4.201 0.633 0.116 0.286 
32.358 -4.052 0.697 0.116 0.287 
32.358 -3.894 0.737 0.115 0.287 
32.351 -3.708 0.739 0.115 0.288 
32.361 -3.562 0.747 0.116 0.288 
32.358 -3.377 0.706 0.115 0.289 
32.385 -3.218 0.728 0.116 0.290 
32.406 -3.035 0.714 0.110 0.289 
32.441 -2.868 0.696 0.116 0.291 
32.481 -2.714 0.695 0.113 0.290 
32.504 -2.556 0.657 0.115 0.292 
32.557 -2.439 0.638 0.114 0.291 
32.602 -2.285 0.572 0.116 0.293 
32.655 -2.199 0.546 0.117 0.293 
32.708 -2.076 0.517 0.113 0.292 
32.753 -1.950 0.464 0.115 0.293 
32.798 -1.841 0.452 0.115 0.292 
32.819 -1.706 0.427 0.109 0.291 
32.861 -1.574 0.406 0.115 0.293 
32.901 -1.450 0.395 0.116 0.293 
32.944 -1.301 0.353 0.115 0.295 
32.977 -1.198 0.350 0.115 0.295 
33.005 -1.103 0.332 0.115 0.294 
33.030 -0.987 0.275 0.116 0.294 
33.071 -0.909 0.239 0.116 0.295 
33.102 -0.839 0.198 0.116 0.293 
33.131 -0.752 0.150 0.120 0.296 
33.158 -0.656 0.119 0.117 0.295 
33.188 -0.593 0.105 0.118 0.294 
33.224 -0.541 0.083 0.116 0.294 
33.259 -0.498 0.070 0.117 0.295 
33.289 -0.448 0.025 0.123 0.297 
33.327 -0.402 -0.023 0.117 0.296 
33.376 -0.397 -0.048 0.117 0.296 
33.421 -0.391 -0.065 0.117 0.295 
33.474 -0.391 -0.094 0.118 0.295 
33.509 -0.389 -0.109 0.118 0.295 
33.560 -0.393 -0.116 0.117 0.295 
33.611 -0.410 -0.123 0.117 0.295 
33.649 -0.437 -0.141 0.117 0.295 
33.689 -0.455 -0.156 0.117 0.295 
33.714 -0.484 -0.184 0.117 0.295 
33.728 -0.503 -0.232 0.119 0.294 
33.731 -0.520 -0.290 0.119 0.295 
33.737 -0.520 -0.366 0.119 0.294 
33.744 -0.530 -0.421 0.119 0.294 
33.755 -0.544 -0.472 0.119 0.295 
33.767 -0.560 -0.530 0.120 0.294 
33.763 -0.555 -0.590 0.125 0.296 
33.767 -0.558 -0.616 0.125 0.296 
33.776 -0.542 -0.648 0.122 0.296 
33.781 -0.528 -0.688 0.120 0.295 
33.791 -0.522 -0.703 0.120 0.295 
33.809 -0.520 -0.713 0.120 0.295 
33.830 -0.525 -0.731 0.120 0.295 
33.839 -0.542 -0.774 0.121 0.295 
33.838 -0.547 -0.827 0.120 0.295 
33.830 -0.544 -0.881 0.120 0.295 
33.832 -0.554 -0.919 0.120 0.295 
33.832 -0.553 -0.940 0.120 0.295 
33.831 -0.548 -0.950 0.120 0.295 
33.831 -0.535 -0.950 0.121 0.294 
33.832 -0.521 -0.944 0.120 0.294 
33.838 -0.502 -0.926 0.120 0.294 
33.850 -0.496 -0.920 0.119 0.295 
33.857 -0.498 -0.918 0.119 0.295 
33.881 -0.504 -0.920 0.119 0.296 
33.875 -0.505 -0.928 0.119 0.296 
33.852 -0.507 -0.943 0.121 0.296 
33.835 -0.509 -0.950 0.120 0.295 
33.826 -0.511 -0.958 0.120 0.295 
33.824 -0.513 -0.982 0.120 0.295 
33.818 -0.510 -0.999 0.119 0.295 
33.802 -0.480 -1.038 0.125 0.297 
33.790 -0.471 -1.057 0.125 0.297 
33.789 -0.456 -1.093 0.121 0.297 
33.788 -0.454 -1.117 0.121 0.297 
33.781 -0.450 -1.153 0.118 0.296 
33.777 -0.443 -1.188 0.117 0.295 
33.769 -0.439 -1.216 0.117 0.295 
33.755 -0.436 -1.242 0.116 0.296 
33.735 -0.440 -1.271 0.115 0.296 
33.717 -0.438 -1.308 0.114 0.296 
33.689 -0.420 -1.336 0.113 0.296 
33.666 -0.412 -1.362 0.112 0.296 
33.646 -0.409 -1.387 0.112 0.297 
33.628 -0.404 -1.406 0.110 0.297 
33.612 -0.400 -1.422 0.110 0.297 
33.593 -0.386 -1.441 0.109 0.296 
33.584 -0.381 -1.449 0.109 0.296 
33.583 -0.375 -1.454 0.108 0.296 
33.588 -0.374 -1.456 0.108 0.295 
33.595 -0.377 -1.454 0.109 0.296 
33.601 -0.380 -1.447 0.109 0.296 
33.605 -0.381 -1.436 0.110 0.296 
33.611 -0.382 -1.406 0.110 0.297 
33.623 -0.373 -1.376 0.111 0.296 
33.643 -0.363 -1.342 0.112 0.297 
33.668 -0.353 -1.294 0.114 0.296 
33.695 -0.337 -1.234 0.115 0.296 
33.719 -0.320 -1.179 0.116 0.296 
33.739 -0.287 -1.110 0.116 0.296 
33.772 -0.247 -1.040 0.117 0.296 
33.823 -0.180 -0.948 0.119 0.298 
33.873 -0.108 -0.856 0.116 0.298 
33.897 -0.032 -0.740 0.117 0.298 
33.918 0.043 -0.643 0.115 0.298 
33.919 0.130 -0.570 0.115 0.299 
33.898 0.236 -0.498 0.114 0.299 
33.851 0.375 -0.469 0.121 0.302 
33.786 0.532 -0.436 0.115 0.301 
33.729 0.686 -0.371 0.113 0.302 
33.660 0.868 -0.319 0.120 0.304 
33.580 1.084 -0.276 0.112 0.305 
33.465 1.317 -0.228 0.118 0.307 
33.393 1.533 -0.214 0.112 0.307 
33.321 1.728 -0.186 0.117 0.309 
33.270 1.906 -0.185 0.110 0.309 
33.220 2.046 -0.189 0.116 0.311 
33.193 2.146 -0.202 0.117 0.311 
33.134 2.243 -0.245 0.111 0.310 
33.095 2.295 -0.280 0.110 0.310 
33.059 2.360 -0.343 0.117 0.312 
33.042 2.408 -0.385 0.116 0.311 
33.030 2.465 -0.445 0.112 0.311 
33.027 2.489 -0.466 0.112 0.311 
33.028 2.519 -0.477 0.112 0.311 
33.030 2.548 -0.479 0.111 0.311 
33.030 2.589 -0.493 0.116 0.312 
33.047 2.611 -0.494 0.117 0.313 
33.059 2.625 -0.501 0.117 0.313 
33.066 2.645 -0.503 0.117 0.313 
33.080 2.678 -0.487 0.117 0.313 
33.100 2.718 -0.449 0.117 0.313 
33.133 2.771 -0.412 0.118 0.313 
33.146 2.830 -0.379 0.118 0.313 
33.156 2.862 -0.362 0.118 0.313 
33.155 2.888 -0.356 0.117 0.313 
33.144 2.932 -0.384 0.112 0.313 
33.129 2.963 -0.391 0.112 0.314 
33.120 3.008 -0.382 0.112 0.314 
33.108 3.082 -0.389 0.117 0.316 
33.095 3.143 -0.381 0.117 0.316 
33.077 3.192 -0.391 0.118 0.316 
33.053 3.221 -0.406 0.117 0.316 
33.051 3.253 -0.418 0.118 0.317 
33.043 3.328 -0.440 0.113 0.316 
33.019 3.445 -0.441 0.117 0.318 
32.992 3.567 -0.416 0.116 0.319 
32.963 3.691 -0.382 0.117 0.319 
32.926 3.833 -0.405 0.116 0.321 
32.899 3.919 -0.416 0.116 0.321 
32.872 3.984 -0.433 0.115 0.321 
32.835 4.052 -0.448 0.116 0.322 
32.815 4.167 -0.506 0.117 0.323 
32.801 4.254 -0.497 0.117 0.324 
32.794 4.332 -0.484 0.117 0.324 
32.790 4.403 -0.469 0.116 0.324 
32.789 4.478 -0.491 0.122 0.326 
32.785 4.541 -0.524 0.116 0.325 
32.793 4.571 -0.536 0.116 0.325 
32.820 4.608 -0.547 0.115 0.325 
32.828 4.664 -0.557 0.115 0.325 
32.833 4.715 -0.573 0.115 0.325 
32.824 4.770 -0.625 0.120 0.325 
32.811 4.810 -0.689 0.117 0.325 
32.824 4.815 -0.743 0.116 0.325 
32.810 4.814 -0.787 0.117 0.325 
32.817 4.808 -0.826 0.117 0.324 
32.841 4.806 -0.845 0.115 0.324 
32.852 4.806 -0.856 0.116 0.324 
32.862 4.804 -0.866 0.117 0.324 
32.862 4.805 -0.869 0.117 0.324 
32.858 4.808 -0.868 0.117 0.324 
32.864 4.812 -0.870 0.117 0.324 
32.862 4.813 -0.874 0.117 0.324 
32.850 4.807 -0.883 0.117 0.324 
32.847 4.801 -0.907 0.117 0.324 
32.847 4.794 -0.936 0.116 0.324 
32.846 4.786 -0.967 0.115 0.324 
32.852 4.775 -0.998 0.115 0.323 
32.846 4.764 -1.029 0.115 0.324 
32.833 4.759 -1.068 0.114 0.324 
32.818 4.746 -1.103 0.113 0.323 
32.790 4.739 -1.127 0.114 0.323 
32.785 4.732 -1.149 0.114 0.323 
32.786 4.744 -1.199 0.121 0.325 
32.787 4.755 -1.239 0.116 0.325 
32.808 4.743 -1.261 0.114 0.325 
32.804 4.738 -1.283 0.113 0.325 
32.796 4.733 -1.305 0.113 0.325 
32.771 4.730 -1.327 0.113 0.325 
32.762 4.725 -1.342 0.113 0.325 
32.756 4.722 -1.357 0.113 0.325 
32.751 4.722 -1.365 0.113 0.325 
32.750 4.722 -1.366 0.113 0.325 
32.753 4.723 -1.354 0.113 0.325 
32.760 4.725 -1.330 0.113 0.325 
32.791 4.730 -1.294 0.113 0.326 
32.812 4.735 -1.237 0.116 0.326 
32.837 4.732 -1.137 0.114 0.325 
32.872 4.745 -1.060 0.115 0.325 
32.908 4.761 -0.988 0.116 0.326 
32.951 4.776 -0.909 0.119 0.327 
32.985 4.786 -0.829 0.120 0.328 
33.020 4.809 -0.733 0.120 0.329 
33.057 4.849 -0.585 0.126 0.330 
33.116 4.931 -0.401 0.125 0.332 
33.216 4.972 -0.110 0.117 0.332 
33.329 4.998 0.196 0.122 0.333 
33.420 5.003 0.489 0.115 0.333 
33.467 4.975 0.741 0.113 0.332 
33.470 4.983 0.900 0.114 0.333 
33.433 4.995 1.000 0.114 0.334 
33.352 5.011 1.114 0.118 0.336 
33.254 5.061 1.187 0.118 0.336 
33.134 5.110 1.247 0.120 0.337 
33.006 5.163 1.299 0.120 0.338 
32.864 5.241 1.309 0.114 0.338 
32.709 5.299 1.315 0.116 0.339 
32.574 5.355 1.326 0.115 0.338 
32.435 5.442 1.325 0.122 0.340 
32.317 5.522 1.362 0.122 0.341 
32.172 5.595 1.389 0.122 0.340 
32.059 5.635 1.381 0.121 0.341 
31.940 5.676 1.348 0.117 0.340 
31.779 5.741 1.287 0.124 0.341 
31.651 5.787 1.230 0.125 0.341 
31.494 5.848 1.137 0.120 0.340 
31.357 5.892 1.035 0.125 0.342 
31.225 5.919 0.951 0.126 0.341 
31.079 5.965 0.843 0.124 0.340 
30.961 6.025 0.733 0.127 0.341 
30.858 6.041 0.659 0.127 0.340 
30.756 6.053 0.593 0.128 0.339 
30.656 6.097 0.522 0.123 0.339 
30.533 6.161 0.454 0.127 0.339 
30.432 6.226 0.415 0.128 0.339 
30.334 6.303 0.395 0.128 0.339 
30.248 6.412 0.358 0.124 0.338 
30.137 6.514 0.317 0.130 0.339 
30.047 6.584 0.286 0.130 0.338 
29.942 6.679 0.222 0.124 0.337 
29.846 6.772 0.161 0.130 0.338 
29.760 6.865 0.140 0.130 0.338 
29.699 6.989 0.121 0.123 0.337 
29.654 7.104 0.110 0.129 0.339 
29.607 7.204 0.125 0.129 0.339 
29.542 7.340 0.116 0.123 0.337 
29.470 7.479 0.107 0.130 0.339 
29.421 7.601 0.115 0.128 0.339 
29.362 7.789 0.093 0.130 0.341 
29.313 7.953 0.135 0.128 0.340 
29.267 8.159 0.167 0.124 0.341 
29.238 8.335 0.222 0.127 0.341 
29.231 8.452 0.274 0.126 0.342 
29.227 8.558 0.277 0.122 0.341 
29.184 8.661 0.243 0.129 0.342 
29.146 8.746 0.227 0.127 0.342 
29.114 8.841 0.200 0.126 0.342 
29.064 8.969 0.146 0.128 0.343 
29.015 9.077 0.142 0.128 0.343 
28.977 9.193 0.119 0.124 0.342 
28.947 9.290 0.082 0.129 0.344 
28.937 9.340 0.067 0.130 0.344 
28.931 9.364 0.025 0.129 0.343 
28.926 9.371 -0.027 0.129 0.343 
28.926 9.365 -0.078 0.129 0.342 
28.909 9.365 -0.157 0.125 0.340 
28.893 9.348 -0.228 0.126 0.339 
28.880 9.341 -0.318 0.132 0.341 
28.856 9.304 -0.388 0.132 0.340 
28.852 9.272 -0.452 0.132 0.339 
28.839 9.251 -0.512 0.134 0.339 
28.819 9.252 -0.552 0.134 0.338 
28.801 9.256 -0.567 0.134 0.338 
28.790 9.254 -0.580 0.134 0.338 
28.780 9.248 -0.603 0.134 0.337 
28.762 9.246 -0.633 0.133 0.337 
28.743 9.241 -0.665 0.134 0.336 
28.723 9.236 -0.693 0.134 0.336 
28.704 9.237 -0.721 0.133 0.336 
28.685 9.259 -0.761 0.128 0.335 
28.673 9.264 -0.784 0.128 0.334 
28.657 9.265 -0.804 0.128 0.335 
28.644 9.262 -0.844 0.127 0.334 
28.632 9.259 -0.874 0.127 0.334 
28.613 9.258 -0.900 0.127 0.333 
28.581 9.283 -0.944 0.132 0.334 
28.567 9.290 -0.967 0.131 0.334 
28.554 9.298 -0.990 0.131 0.334 
28.538 9.305 -1.014 0.130 0.334 
28.520 9.306 -1.040 0.129 0.334 
28.483 9.315 -1.065 0.129 0.333 
28.462 9.319 -1.091 0.128 0.333 
28.447 9.327 -1.127 0.127 0.332 
28.421 9.346 -1.168 0.123 0.331 
28.402 9.354 -1.190 0.122 0.331 
28.385 9.360 -1.208 0.121 0.331 
28.365 9.369 -1.215 0.121 0.330 
28.340 9.380 -1.208 0.120 0.329 
28.294 9.391 -1.198 0.120 0.328 
28.245 9.398 -1.180 0.120 0.327 
28.167 9.396 -1.156 0.122 0.327 
28.105 9.374 -1.122 0.123 0.326 
28.036 9.336 -1.071 0.126 0.324 
27.946 9.310 -1.026 0.129 0.322 
27.825 9.283 -0.970 0.125 0.318 
27.666 9.285 -0.925 0.125 0.317 
27.486 9.309 -0.882 0.125 0.315 
27.278 9.381 -0.792 0.125 0.313 
27.080 9.459 -0.623 0.124 0.311 
26.905 9.482 -0.387 0.119 0.308 
26.765 9.439 -0.109 0.120 0.305 
26.602 9.371 0.201 0.117 0.301 
26.419 9.297 0.510 0.111 0.298 
26.149 9.231 0.770 0.110 0.293 
25.779 9.233 0.981 0.109 0.290 
25.382 9.183 1.173 0.106 0.287 
24.917 9.100 1.320 0.108 0.282 
24.466 8.967 1.467 0.104 0.276 
23.948 8.871 1.596 0.110 0.272 
23.379 8.839 1.726 0.107 0.265 
22.775 8.965 1.872 0.107 0.261 
22.135 9.297 2.073 0.106 0.259 
21.486 9.685 2.347 0.103 0.257 
20.819 10.093 2.583 0.105 0.256 
20.159 10.447 2.775 0.101 0.253 
19.529 10.752 2.901 0.103 0.251 
18.880 11.039 2.893 0.105 0.248 
18.250 11.295 2.823 0.106 0.246 
17.654 11.556 2.709 0.108 0.243 
17.090 11.800 2.583 0.110 0.241 
16.575 12.038 2.433 0.112 0.238 
16.144 12.219 2.333 0.109 0.233 
15.733 12.443 2.206 0.113 0.230 
15.382 12.695 2.060 0.115 0.228 
15.067 12.948 1.886 0.117 0.226 
14.786 13.232 1.696 0.117 0.225 
14.560 13.579 1.477 0.120 0.226 
14.360 13.926 1.279 0.120 0.224 
14.205 14.268 1.036 0.125 0.225 
14.073 14.578 0.764 0.123 0.223 
13.989 14.817 0.497 0.124 0.222 
13.924 15.038 0.235 0.124 0.221 
13.884 15.262 -0.015 0.125 0.220 
13.865 15.505 -0.226 0.125 0.220 
13.878 15.734 -0.385 0.125 0.220 
13.922 15.929 -0.496 0.125 0.219 
13.998 16.097 -0.543 0.124 0.218 
14.084 16.277 -0.588 0.125 0.219 
14.199 16.411 -0.565 0.125 0.219 
14.286 16.568 -0.525 0.124 0.218 
14.381 16.739 -0.539 0.127 0.219 
14.498 16.831 -0.500 0.127 0.219 
14.621 16.871 -0.443 0.129 0.219 
14.756 16.858 -0.351 0.134 0.220 
14.940 16.804 -0.223 0.129 0.217 
15.103 16.755 -0.110 0.131 0.217 
15.322 16.656 0.056 0.131 0.215 
15.514 16.588 0.233 0.136 0.216 
15.728 16.541 0.439 0.131 0.214 
15.911 16.528 0.662 0.135 0.216 
16.099 16.520 0.901 0.133 0.215 
16.259 16.506 1.128 0.136 0.217 
16.433 16.464 1.324 0.133 0.215 
16.586 16.402 1.471 0.138 0.217 
16.770 16.272 1.596 0.135 0.215 
16.933 16.138 1.683 0.140 0.216 
17.105 16.001 1.755 0.137 0.215 
17.257 15.901 1.812 0.142 0.216 
17.437 15.777 1.888 0.139 0.215 
17.605 15.650 1.929 0.145 0.216 
17.793 15.465 1.938 0.141 0.214 
17.958 15.288 1.892 0.148 0.214 
18.105 15.115 1.809 0.150 0.215 
18.225 14.963 1.727 0.149 0.214 
18.355 14.853 1.602 0.150 0.213 
18.433 14.804 1.449 0.157 0.216 
18.498 14.706 1.257 0.159 0.216 
18.582 14.575 1.055 0.163 0.216 
18.699 14.439 0.865 0.164 0.215 
18.776 14.331 0.710 0.165 0.215 
18.854 14.245 0.555 0.168 0.216 
18.915 14.216 0.435 0.168 0.215 
18.980 14.215 0.305 0.168 0.215 
19.014 14.250 0.168 0.171 0.216 
19.039 14.235 0.059 0.171 0.216 
19.058 14.209 -0.040 0.173 0.216 
19.072 14.193 -0.078 0.173 0.216 
19.079 14.190 -0.094 0.173 0.216 
19.077 14.193 -0.097 0.174 0.216 
19.074 14.194 -0.095 0.174 0.216 
19.084 14.195 -0.087 0.174 0.216 
19.091 14.197 -0.071 0.174 0.216 
19.110 14.197 -0.054 0.175 0.217 
19.120 14.196 -0.043 0.176 0.217 
19.136 14.193 -0.037 0.176 0.217 
19.148 14.191 -0.037 0.177 0.217 
19.158 14.191 -0.041 0.177 0.217 
19.158 14.192 -0.045 0.177 0.218 
19.172 14.196 -0.044 0.177 0.217 
19.190 14.200 -0.038 0.177 0.218 
19.209 14.203 -0.031 0.177 0.218 
19.229 14.204 -0.027 0.177 0.218 
19.244 14.202 -0.031 0.177 0.218 
19.263 14.194 -0.044 0.175 0.218 
19.254 14.194 -0.062 0.174 0.218 
19.223 14.202 -0.080 0.175 0.218 
19.208 14.204 -0.102 0.175 0.218 
19.191 14.208 -0.120 0.174 0.218 
19.175 14.220 -0.140 0.174 0.218 
19.164 14.231 -0.154 0.173 0.218 
19.154 14.244 -0.165 0.173 0.217 
19.140 14.258 -0.169 0.173 0.217 
19.122 14.277 -0.169 0.172 0.217 
19.101 14.308 -0.182 0.172 0.217 
19.080 14.340 -0.199 0.169 0.215 
19.076 14.373 -0.221 0.172 0.216 
19.070 14.391 -0.223 0.172 0.216 
19.056 14.414 -0.219 0.171 0.215 
19.053 14.436 -0.205 0.171 0.215 
19.045 14.463 -0.176 0.170 0.214 
19.035 14.497 -0.151 0.170 0.213 
19.031 14.533 -0.120 0.170 0.213 
19.032 14.569 -0.087 0.171 0.212 
19.051 14.618 -0.019 0.172 0.212 
19.131 14.755 0.098 0.172 0.213 
19.184 14.959 0.267 0.173 0.213 
19.227 15.155 0.469 0.171 0.214 
19.273 15.284 0.710 0.170 0.214 
19.327 15.370 0.939 0.168 0.215 
19.367 15.451 1.184 0.167 0.215 
19.417 15.486 1.517 0.164 0.214 
19.435 15.531 1.848 0.157 0.213 
19.423 15.565 2.162 0.160 0.214 
19.332 15.601 2.418 0.155 0.212 
19.234 15.619 2.620 0.154 0.212 
19.066 15.656 2.748 0.156 0.213 
18.894 15.694 2.896 0.155 0.214 
18.711 15.733 3.022 0.155 0.213 
18.545 15.761 3.200 0.150 0.212 
18.358 15.817 3.332 0.149 0.211 
18.188 15.852 3.493 0.150 0.212 
18.006 15.879 3.596 0.152 0.212 
17.845 15.882 3.715 0.152 0.213 
17.684 15.854 3.813 0.149 0.211 
17.527 15.816 3.868 0.147 0.210 
17.354 15.776 3.886 0.151 0.211 
17.183 15.756 3.839 0.148 0.210 
16.992 15.728 3.768 0.149 0.210 
16.836 15.696 3.656 0.151 0.210 
16.671 15.655 3.550 0.151 0.210 
16.545 15.592 3.389 0.156 0.211 
16.410 15.530 3.275 0.156 0.210 
16.313 15.459 3.142 0.158 0.210 
16.226 15.383 3.020 0.158 0.211 
16.146 15.318 2.863 0.156 0.209 
16.041 15.248 2.691 0.158 0.208 
15.945 15.174 2.498 0.154 0.207 
15.848 15.096 2.312 0.157 0.207 
15.749 15.017 2.107 0.162 0.209 
15.629 14.948 1.930 0.162 0.208 
15.546 14.900 1.782 0.161 0.208 
15.471 14.870 1.639 0.157 0.206 
15.413 14.846 1.541 0.159 0.206 
15.341 14.813 1.451 0.161 0.207 
15.250 14.777 1.341 0.164 0.208 
15.176 14.711 1.230 0.166 0.208 
15.115 14.655 1.142 0.166 0.208 
15.070 14.604 1.066 0.165 0.207 
15.044 14.549 1.015 0.167 0.207 
15.035 14.469 1.009 0.161 0.205 
15.027 14.402 0.997 0.159 0.205 
15.019 14.336 0.985 0.159 0.205 
15.020 14.246 0.972 0.164 0.206 
15.003 14.187 0.933 0.165 0.206 
14.985 14.146 0.889 0.166 0.206 
14.962 14.113 0.842 0.165 0.206 
14.913 14.080 0.763 0.166 0.206 
14.868 14.055 0.630 0.163 0.205 
14.817 14.026 0.511 0.162 0.204 
14.779 13.978 0.370 0.163 0.204 
14.739 13.952 0.217 0.168 0.206 
14.694 13.924 0.083 0.168 0.205 
14.657 13.907 -0.062 0.167 0.205 
14.635 13.903 -0.160 0.163 0.204 
14.629 13.892 -0.247 0.162 0.203 
14.612 13.904 -0.340 0.167 0.205 
14.608 13.903 -0.404 0.166 0.205 
14.589 13.899 -0.452 0.166 0.205 
14.566 13.896 -0.497 0.165 0.205 
14.546 13.891 -0.535 0.164 0.205 
14.528 13.907 -0.591 0.158 0.204 
14.519 13.893 -0.612 0.158 0.204 
14.513 13.883 -0.633 0.158 0.204 
14.515 13.877 -0.652 0.158 0.204 
14.514 13.864 -0.671 0.157 0.204 
14.521 13.850 -0.689 0.158 0.205 
14.528 13.832 -0.690 0.158 0.205 
14.523 13.819 -0.697 0.158 0.205 
14.515 13.808 -0.707 0.158 0.206 
14.512 13.797 -0.710 0.158 0.206 
14.512 13.792 -0.713 0.158 0.206 
14.514 13.772 -0.698 0.162 0.207 
14.501 13.764 -0.699 0.162 0.207 
14.482 13.753 -0.696 0.162 0.207 
14.429 13.740 -0.693 0.163 0.208 
14.394 13.733 -0.678 0.163 0.209 
14.342 13.720 -0.661 0.163 0.208 
14.305 13.707 -0.633 0.163 0.208 
14.255 13.674 -0.577 0.156 0.206 
14.210 13.661 -0.549 0.156 0.207 
14.147 13.640 -0.515 0.157 0.208 
14.084 13.621 -0.474 0.158 0.208 
14.031 13.583 -0.426 0.163 0.209 
13.966 13.560 -0.393 0.163 0.209 
13.908 13.535 -0.344 0.163 0.210 
13.851 13.480 -0.265 0.156 0.209 
13.807 13.390 -0.161 0.161 0.211 
13.735 13.272 -0.084 0.156 0.209 
13.648 13.141 -0.055 0.155 0.209 
13.520 12.983 -0.043 0.158 0.211 
13.367 12.842 -0.048 0.154 0.209 
13.190 12.719 -0.050 0.158 0.211 
12.995 12.596 -0.042 0.159 0.212 
12.814 12.436 -0.007 0.152 0.210 
12.604 12.257 -0.001 0.158 0.212 
12.408 12.039 -0.023 0.151 0.210 
12.176 11.818 -0.065 0.157 0.212 
11.945 11.589 -0.142 0.153 0.210 
11.716 11.353 -0.230 0.159 0.212 
11.459 11.153 -0.327 0.158 0.212 
11.248 10.932 -0.430 0.154 0.210 
11.055 10.700 -0.517 0.160 0.212 
10.868 10.480 -0.592 0.154 0.210 
10.701 10.278 -0.674 0.155 0.211 
10.557 10.060 -0.736 0.158 0.212 
10.425 9.913 -0.753 0.154 0.212 
10.298 9.781 -0.791 0.154 0.211 
10.210 9.680 -0.786 0.157 0.213 
10.101 9.607 -0.797 0.157 0.213 
10.032 9.503 -0.796 0.153 0.212 
9.966 9.448 -0.800 0.154 0.212 
9.918 9.419 -0.782 0.153 0.213 
9.892 9.395 -0.751 0.156 0.214 
9.855 9.397 -0.713 0.157 0.214 
9.817 9.396 -0.707 0.159 0.214 
9.790 9.398 -0.700 0.158 0.215 
9.783 9.420 -0.692 0.159 0.215 
9.782 9.464 -0.674 0.158 0.215 
9.788 9.544 -0.673 0.153 0.214 
9.792 9.639 -0.652 0.154 0.214 
9.777 9.747 -0.650 0.159 0.217 
9.777 9.837 -0.644 0.156 0.218 
9.794 9.915 -0.676 0.152 0.217 
9.799 9.990 -0.681 0.152 0.217 
9.817 10.069 -0.689 0.158 0.218 
9.841 10.133 -0.679 0.158 0.219 
9.842 10.214 -0.670 0.157 0.220 
9.834 10.248 -0.680 0.157 0.220 
9.825 10.285 -0.723 0.152 0.218 
9.824 10.291 -0.744 0.152 0.218 
9.822 10.295 -0.760 0.151 0.218 
9.822 10.297 -0.779 0.151 0.218 
9.805 10.301 -0.787 0.153 0.218 
9.804 10.298 -0.793 0.153 0.218 
9.821 10.292 -0.794 0.151 0.218 
9.831 10.288 -0.786 0.151 0.218 
9.841 10.278 -0.769 0.152 0.218 
9.844 10.253 -0.747 0.152 0.219 
9.817 10.199 -0.723 0.158 0.220 
9.805 10.148 -0.728 0.158 0.220 
9.783 10.103 -0.725 0.157 0.220 
9.771 10.063 -0.723 0.157 0.220 
9.751 10.015 -0.723 0.158 0.219 
9.732 9.939 -0.704 0.152 0.219 
9.708 9.881 -0.705 0.152 0.219 
9.682 9.799 -0.686 0.157 0.220 
9.665 9.722 -0.701 0.159 0.219 
9.639 9.663 -0.709 0.157 0.217 
9.634 9.581 -0.701 0.152 0.216 
9.602 9.505 -0.725 0.151 0.216 
9.562 9.456 -0.754 0.150 0.216 
9.533 9.399 -0.772 0.156 0.217 
9.496 9.368 -0.774 0.157 0.217 
9.419 9.365 -0.778 0.159 0.218 
9.372 9.348 -0.786 0.158 0.218 
9.333 9.346 -0.797 0.158 0.218 
9.287 9.346 -0.800 0.156 0.217 
9.257 9.331 -0.811 0.157 0.217 
9.236 9.320 -0.830 0.157 0.216 
9.218 9.312 -0.855 0.157 0.217 
9.208 9.313 -0.891 0.155 0.216 
9.195 9.322 -0.930 0.151 0.216 
9.187 9.320 -0.965 0.150 0.216 
9.178 9.309 -1.003 0.149 0.216 
9.167 9.304 -1.039 0.148 0.216 
9.152 9.297 -1.080 0.147 0.217 
9.142 9.296 -1.112 0.146 0.217 
9.133 9.293 -1.152 0.145 0.217 
9.119 9.290 -1.178 0.144 0.217 
9.111 9.293 -1.195 0.144 0.217 
9.086 9.310 -1.234 0.149 0.219 
9.061 9.325 -1.260 0.148 0.219 
9.038 9.334 -1.292 0.146 0.219 
9.019 9.334 -1.326 0.145 0.219 
8.995 9.345 -1.370 0.144 0.219 
8.960 9.352 -1.405 0.145 0.220 
8.932 9.382 -1.453 0.139 0.219 
8.906 9.388 -1.475 0.137 0.219 
8.889 9.395 -1.484 0.137 0.220 
8.882 9.406 -1.487 0.137 0.220 
8.883 9.415 -1.490 0.136 0.220 
8.882 9.422 -1.492 0.135 0.221 
8.867 9.426 -1.492 0.134 0.222 
8.856 9.426 -1.498 0.133 0.222 
8.839 9.421 -1.512 0.133 0.222 
8.817 9.419 -1.518 0.132 0.222 
8.799 9.416 -1.529 0.132 0.222 
8.782 9.414 -1.536 0.131 0.222 
8.766 9.412 -1.547 0.132 0.223 
8.759 9.415 -1.553 0.132 0.223 
8.755 9.428 -1.561 0.132 0.222 
8.763 9.439 -1.557 0.131 0.222 
8.774 9.453 -1.548 0.130 0.222 
8.784 9.465 -1.541 0.131 0.222 
8.790 9.474 -1.539 0.131 0.222 
8.797 9.481 -1.538 0.131 0.222 
8.796 9.492 -1.531 0.131 0.222 
8.784 9.498 -1.529 0.130 0.221 
8.781 9.502 -1.525 0.130 0.222 
8.769 9.505 -1.526 0.129 0.221 
8.775 9.506 -1.528 0.129 0.221 
8.772 9.515 -1.526 0.130 0.221 
8.775 9.517 -1.525 0.130 0.221 
8.777 9.517 -1.524 0.130 0.221 
8.776 9.517 -1.521 0.130 0.221 
8.775 9.514 -1.519 0.130 0.221 
8.776 9.502 -1.522 0.129 0.222 
8.774 9.507 -1.517 0.130 0.221 
8.767 9.513 -1.512 0.129 0.221 
8.776 9.523 -1.501 0.130 0.222 
8.780 9.538 -1.484 0.129 0.222 
8.784 9.544 -1.469 0.130 0.222 
8.784 9.544 -1.456 0.130 0.222 
8.780 9.547 -1.444 0.130 0.222 
8.779 9.548 -1.435 0.130 0.223 
8.780 9.553 -1.422 0.131 0.223 
8.779 9.553 -1.407 0.131 0.223 
8.776 9.556 -1.382 0.131 0.224 
8.779 9.569 -1.356 0.132 0.224 
8.787 9.593 -1.316 0.133 0.224 
8.795 9.625 -1.264 0.132 0.224 
8.811 9.657 -1.219 0.133 0.224 
8.845 9.692 -1.170 0.134 0.225 
8.895 9.793 -1.065 0.134 0.226 
8.952 9.864 -0.927 0.138 0.228 
9.026 9.947 -0.741 0.134 0.230 
9.082 10.007 -0.557 0.134 0.231 
9.102 10.052 -0.337 0.127 0.230 
9.076 10.150 -0.117 0.125 0.232 
8.997 10.246 0.119 0.128 0.235 
8.876 10.383 0.347 0.126 0.236 
8.734 10.505 0.574 0.123 0.239 
8.538 10.613 0.807 0.121 0.241 
8.350 10.653 1.036 0.115 0.242 
8.186 10.668 1.235 0.117 0.245 
8.015 10.656 1.452 0.111 0.245 
7.868 10.597 1.644 0.112 0.248 
7.738 10.495 1.824 0.110 0.249 
7.608 10.355 1.974 0.104 0.251 
7.495 10.173 2.105 0.106 0.253 
7.401 9.904 2.238 0.105 0.254 
7.275 9.595 2.382 0.101 0.253 
7.181 9.249 2.513 0.099 0.254 
7.075 8.888 2.635 0.099 0.254 
6.962 8.518 2.770 0.098 0.254 
6.884 8.147 2.974 0.091 0.253 
6.850 7.763 3.179 0.094 0.254 
6.820 7.345 3.355 0.087 0.252 
6.791 6.892 3.496 0.090 0.253 
6.777 6.379 3.607 0.084 0.252 
6.766 5.832 3.699 0.084 0.249 
6.759 5.294 3.751 0.085 0.249 
6.735 4.751 3.788 0.082 0.247 
6.699 4.251 3.778 0.081 0.246 
6.646 3.783 3.777 0.084 0.247 
6.583 3.311 3.791 0.081 0.244 
6.531 2.903 3.810 0.081 0.244 
6.477 2.506 3.843 0.082 0.243 
6.432 2.126 3.892 0.080 0.243 
6.375 1.738 3.931 0.080 0.242 
6.314 1.355 3.961 0.081 0.241 
6.273 0.979 3.981 0.080 0.241 
6.227 0.612 3.991 0.080 0.240 
6.173 0.253 4.014 0.080 0.239 
6.133 -0.083 4.033 0.080 0.239 
6.087 -0.403 4.063 0.079 0.238 
6.052 -0.720 4.113 0.078 0.238 
6.030 -1.046 4.159 0.078 0.237 
6.021 -1.368 4.206 0.076 0.237 
6.001 -1.686 4.244 0.073 0.236 
5.988 -2.002 4.281 0.073 0.235 
5.956 -2.284 4.319 0.077 0.236 
5.950 -2.566 4.365 0.078 0.235 
5.942 -2.837 4.428 0.077 0.234 
5.934 -3.072 4.476 0.073 0.234 
5.948 -3.328 4.550 0.071 0.233 
5.953 -3.584 4.597 0.076 0.234 
5.971 -4.364 4.615 0.076 0.232 
5.978 -4.624 4.549 0.071 0.230 
5.965 -4.859 4.471 0.077 0.231 
5.960 -5.074 4.404 0.072 0.230 
5.938 -5.296 4.324 0.078 0.231 
5.911 -5.487 4.236 0.078 0.231 
5.906 -5.682 4.162 0.074 0.229 
5.893 -5.853 4.059 0.073 0.229 
5.884 -6.023 3.981 0.079 0.230 
5.890 -6.205 3.875 0.073 0.228 
5.871 -6.356 3.736 0.073 0.227 
5.846 -6.484 3.592 0.075 0.227 
5.828 -6.615 3.440 0.074 0.227 
5.801 -6.731 3.297 0.075 0.227 
5.765 -6.840 3.153 0.075 0.226 
5.723 -6.932 2.999 0.075 0.227 
5.679 -7.025 2.863 0.075 0.226 
5.624 -7.100 2.703 0.080 0.227 
5.579 -7.176 2.560 0.081 0.227 
5.545 -7.227 2.420 0.082 0.227 
5.515 -7.254 2.276 0.077 0.227 
5.474 -7.285 2.157 0.077 0.226 
5.419 -7.296 2.029 0.081 0.228 
5.369 -7.307 1.907 0.083 0.228 
5.330 -7.323 1.784 0.080 0.228 
5.279 -7.322 1.694 0.078 0.227 
5.247 -7.320 1.628 0.078 0.227 
5.224 -7.300 1.583 0.078 0.228 
5.196 -7.262 1.528 0.083 0.229 
5.183 -7.261 1.492 0.083 0.228 
5.167 -7.257 1.458 0.083 0.228 
5.163 -7.247 1.412 0.080 0.228 
5.164 -7.251 1.372 0.081 0.228 
5.174 -7.262 1.340 0.080 0.229 
5.174 -7.272 1.295 0.078 0.228 
5.175 -7.286 1.240 0.078 0.228 
5.163 -7.297 1.173 0.079 0.228 
5.150 -7.312 1.108 0.079 0.228 
5.121 -7.306 1.025 0.084 0.229 
5.092 -7.295 0.953 0.083 0.228 
5.081 -7.268 0.880 0.082 0.229 
5.055 -7.246 0.832 0.079 0.229 
5.040 -7.231 0.799 0.079 0.229 
5.033 -7.207 0.764 0.079 0.229 
5.009 -7.161 0.722 0.084 0.230 
5.003 -7.127 0.693 0.083 0.230 
5.002 -7.106 0.666 0.083 0.231 
5.004 -7.088 0.621 0.084 0.231 
5.008 -7.088 0.570 0.084 0.231 
5.000 -7.072 0.499 0.080 0.230 
5.000 -7.087 0.411 0.079 0.231 
5.019 -7.095 0.375 0.080 0.231 
5.013 -7.080 0.347 0.085 0.232 
5.021 -7.078 0.344 0.085 0.232 
5.040 -7.076 0.353 0.085 0.233 
5.072 -7.091 0.407 0.079 0.232 
5.111 -7.097 0.435 0.079 0.231 
5.150 -7.113 0.463 0.081 0.232 
5.173 -7.126 0.472 0.081 0.232 
5.193 -7.151 0.460 0.082 0.232 
5.211 -7.181 0.433 0.082 0.232 
5.225 -7.195 0.412 0.083 0.232 
5.240 -7.199 0.397 0.082 0.232 
5.278 -7.217 0.403 0.085 0.233 
5.295 -7.217 0.411 0.084 0.232 
5.312 -7.213 0.423 0.084 0.232 
5.327 -7.212 0.435 0.084 0.232 
5.355 -7.220 0.442 0.085 0.232 
5.383 -7.225 0.449 0.085 0.232 
5.412 -7.231 0.457 0.084 0.231 
5.445 -7.234 0.461 0.085 0.231 
5.475 -7.240 0.464 0.085 0.231 
5.506 -7.244 0.466 0.085 0.231 
5.541 -7.245 0.470 0.085 0.231 
5.596 -7.254 0.478 0.084 0.232 
5.655 -7.275 0.477 0.085 0.232 
5.713 -7.297 0.482 0.085 0.232 
5.762 -7.319 0.485 0.085 0.232 
5.824 -7.359 0.502 0.080 0.230 
5.883 -7.404 0.506 0.081 0.231 
5.985 -7.476 0.511 0.085 0.232 
6.065 -7.529 0.500 0.085 0.232 
6.135 -7.588 0.479 0.086 0.231 
6.229 -7.647 0.464 0.086 0.231 
6.362 -7.711 0.473 0.086 0.231 
6.499 -7.772 0.524 0.083 0.231 
6.633 -7.822 0.583 0.087 0.232 
6.785 -7.857 0.638 0.085 0.231 
6.927 -7.895 0.669 0.086 0.231 
7.100 -7.961 0.713 0.080 0.230 
7.235 -8.003 0.744 0.082 0.231 
7.390 -8.063 0.778 0.086 0.231 
7.509 -8.114 0.793 0.087 0.231 
7.668 -8.169 0.803 0.086 0.232 
7.825 -8.254 0.827 0.082 0.230 
7.983 -8.344 0.848 0.084 0.230 
8.149 -8.458 0.884 0.088 0.230 
8.318 -8.562 0.937 0.083 0.228 
8.507 -8.672 1.022 0.087 0.229 
8.675 -8.751 1.076 0.089 0.229 
8.877 -8.865 1.157 0.084 0.229 
9.028 -8.974 1.208 0.088 0.228 
9.228 -9.125 1.238 0.085 0.228 
9.367 -9.285 1.245 0.089 0.228 
9.549 -9.456 1.232 0.083 0.226 
9.713 -9.602 1.200 0.086 0.226 
9.864 -9.753 1.192 0.089 0.227 
10.019 -9.901 1.158 0.085 0.225 
10.183 -10.026 1.129 0.087 0.226 
10.307 -10.131 1.080 0.088 0.225 
10.443 -10.251 1.053 0.090 0.225 
10.561 -10.345 1.015 0.091 0.225 
10.704 -10.446 0.998 0.085 0.224 
10.826 -10.522 0.940 0.086 0.224 
10.934 -10.582 0.907 0.088 0.224 
11.016 -10.615 0.860 0.089 0.223 
11.107 -10.625 0.801 0.087 0.223 
11.162 -10.627 0.726 0.088 0.223 
11.196 -10.611 0.633 0.093 0.224 
11.234 -10.597 0.537 0.093 0.223 
11.273 -10.553 0.435 0.091 0.224 
11.271 -10.485 0.315 0.094 0.223 
11.281 -10.415 0.229 0.095 0.222 
11.296 -10.318 0.154 0.092 0.223 
11.262 -10.173 0.077 0.094 0.223 
11.246 -10.011 0.017 0.092 0.224 
11.196 -9.789 -0.066 0.093 0.225 
11.120 -9.551 -0.126 0.096 0.225 
11.038 -9.272 -0.202 0.096 0.226 
10.906 -8.949 -0.252 0.097 0.227 
10.779 -8.580 -0.315 0.097 0.227 
10.612 -8.176 -0.338 0.097 0.229 
10.471 -7.727 -0.368 0.098 0.231 
10.275 -7.253 -0.398 0.098 0.231 
10.094 -6.732 -0.431 0.102 0.234 
9.871 -6.161 -0.464 0.097 0.235 
9.614 -5.551 -0.499 0.098 0.237 
9.357 -4.920 -0.519 0.103 0.240 
9.097 -4.282 -0.522 0.097 0.241 
8.826 -3.613 -0.519 0.098 0.244 
8.536 -2.958 -0.515 0.101 0.246 
8.267 -2.324 -0.522 0.096 0.247 
7.986 -1.723 -0.543 0.100 0.249 
7.713 -1.145 -0.561 0.097 0.251 
7.431 -0.568 -0.601 0.101 0.253 
7.159 0.037 -0.627 0.102 0.256 
6.907 0.631 -0.630 0.097 0.257 
6.645 1.200 -0.644 0.100 0.259 
6.434 1.700 -0.629 0.101 0.261 
6.258 2.143 -0.621 0.100 0.262 
6.110 2.503 -0.615 0.102 0.263 
6.006 2.775 -0.624 0.101 0.264 
5.961 2.939 -0.626 0.101 0.263 
5.932 3.060 -0.654 0.103 0.264 
5.927 3.114 -0.681 0.101 0.264 
5.930 3.126 -0.705 0.100 0.264 
5.944 3.117 -0.722 0.101 0.264 
5.974 3.104 -0.731 0.101 0.265 
6.016 3.077 -0.735 0.101 0.265 
6.087 3.012 -0.711 0.107 0.266 
6.171 2.909 -0.701 0.107 0.267 
6.306 2.708 -0.683 0.100 0.265 
6.463 2.445 -0.652 0.102 0.264 
6.650 2.127 -0.614 0.100 0.262 
6.848 1.749 -0.607 0.102 0.261 
7.044 1.366 -0.592 0.102 0.259 
7.241 0.980 -0.584 0.101 0.259 
7.432 0.580 -0.561 0.102 0.258 
7.639 0.149 -0.536 0.101 0.256 
7.871 -0.309 -0.485 0.104 0.256 
8.099 -0.802 -0.430 0.103 0.254 
8.341 -1.310 -0.402 0.103 0.252 
8.624 -1.860 -0.357 0.100 0.251 
8.895 -2.407 -0.331 0.102 0.249 
9.213 -2.987 -0.293 0.099 0.248 
9.501 -3.569 -0.267 0.103 0.246 
9.825 -4.154 -0.245 0.100 0.244 
10.113 -4.736 -0.233 0.100 0.241 
10.400 -5.272 -0.249 0.099 0.240 
10.667 -5.797 -0.287 0.101 0.239 
10.920 -6.291 -0.316 0.104 0.237 
11.178 -6.762 -0.325 0.099 0.237 
11.413 -7.181 -0.356 0.099 0.236 
11.614 -7.593 -0.355 0.099 0.234 
11.841 -7.975 -0.339 0.100 0.234 
12.047 -8.322 -0.327 0.101 0.232 
12.246 -8.611 -0.339 0.102 0.233 
12.440 -8.894 -0.313 0.100 0.231 
12.600 -9.136 -0.285 0.100 0.231 
12.763 -9.316 -0.319 0.100 0.230 
12.879 -9.483 -0.322 0.097 0.230 
12.967 -9.609 -0.358 0.101 0.230 
13.065 -9.686 -0.384 0.100 0.231 
13.125 -9.755 -0.407 0.100 0.229 
13.181 -9.807 -0.407 0.102 0.230 
13.212 -9.820 -0.407 0.103 0.230 
13.242 -9.822 -0.404 0.103 0.230 
13.268 -9.821 -0.393 0.103 0.230 
13.290 -9.803 -0.393 0.103 0.230 
13.298 -9.782 -0.386 0.103 0.229 
13.287 -9.743 -0.388 0.101 0.228 
13.277 -9.698 -0.391 0.101 0.228 
13.269 -9.619 -0.398 0.101 0.228 
13.240 -9.516 -0.424 0.098 0.228 
13.191 -9.398 -0.452 0.100 0.229 
13.164 -9.290 -0.453 0.100 0.229 
13.130 -9.141 -0.473 0.097 0.229 
13.053 -8.972 -0.498 0.102 0.230 
12.987 -8.800 -0.495 0.097 0.229 
12.898 -8.579 -0.502 0.100 0.231 
12.800 -8.306 -0.517 0.101 0.232 
12.648 -7.969 -0.526 0.101 0.232 
12.528 -7.611 -0.521 0.096 0.233 
12.347 -7.208 -0.557 0.101 0.234 
12.179 -6.783 -0.570 0.100 0.235 
11.966 -6.290 -0.584 0.098 0.236 
11.742 -5.747 -0.586 0.098 0.238 
11.508 -5.140 -0.614 0.099 0.241 
11.214 -4.474 -0.639 0.099 0.243 
10.923 -3.804 -0.659 0.102 0.245 
10.637 -3.105 -0.666 0.097 0.246 
10.326 -2.381 -0.674 0.097 0.250 
10.026 -1.664 -0.665 0.101 0.253 
9.726 -0.936 -0.674 0.101 0.256 
9.425 -0.223 -0.662 0.101 0.259 
9.148 0.468 -0.656 0.102 0.261 
8.888 1.066 -0.623 0.101 0.262 
8.659 1.663 -0.597 0.101 0.265 
8.435 2.218 -0.563 0.101 0.265 
8.231 2.752 -0.551 0.106 0.268 
8.047 3.249 -0.536 0.102 0.269 
7.861 3.731 -0.529 0.101 0.269 
7.692 4.194 -0.514 0.100 0.271 
7.528 4.642 -0.533 0.106 0.273 
7.415 4.984 -0.535 0.104 0.274 
7.342 5.251 -0.552 0.102 0.273 
7.311 5.472 -0.550 0.105 0.274 
7.311 5.666 -0.549 0.101 0.274 
7.329 5.813 -0.555 0.105 0.275 
7.360 5.932 -0.555 0.101 0.275 
7.390 6.007 -0.549 0.101 0.275 
7.437 6.076 -0.544 0.099 0.274 
7.461 6.106 -0.574 0.103 0.276 
7.521 6.088 -0.591 0.104 0.276 
7.559 6.060 -0.635 0.105 0.276 
7.619 6.024 -0.674 0.106 0.276 
7.687 5.935 -0.679 0.101 0.275 
7.786 5.805 -0.693 0.100 0.275 
7.870 5.635 -0.720 0.105 0.275 
7.974 5.427 -0.709 0.105 0.274 
8.116 5.158 -0.715 0.100 0.272 
8.292 4.825 -0.707 0.099 0.270 
8.453 4.511 -0.719 0.104 0.270 
8.642 4.180 -0.714 0.105 0.269 
8.831 3.796 -0.722 0.104 0.268 
9.039 3.403 -0.738 0.100 0.267 
9.243 2.963 -0.745 0.105 0.266 
9.462 2.493 -0.728 0.099 0.263 
9.693 2.026 -0.726 0.100 0.262 
9.923 1.536 -0.696 0.106 0.261 
10.171 1.014 -0.672 0.100 0.258 
10.419 0.499 -0.660 0.100 0.256 
10.691 -0.042 -0.621 0.097 0.254 
10.937 -0.561 -0.588 0.101 0.253 
11.190 -1.054 -0.583 0.102 0.252 
11.439 -1.561 -0.558 0.097 0.249 
11.669 -2.049 -0.541 0.100 0.248 
11.872 -2.522 -0.546 0.102 0.247 
12.084 -3.021 -0.552 0.096 0.244 
12.294 -3.485 -0.580 0.096 0.243 
12.483 -3.955 -0.584 0.102 0.242 
12.667 -4.364 -0.620 0.098 0.242 
12.819 -4.745 -0.637 0.097 0.241 
12.985 -5.115 -0.646 0.097 0.239 
13.126 -5.450 -0.650 0.098 0.238 
13.284 -5.780 -0.624 0.097 0.237 
13.420 -6.064 -0.645 0.099 0.237 
13.578 -6.356 -0.630 0.098 0.236 
13.705 -6.631 -0.614 0.097 0.234 
13.823 -6.849 -0.613 0.104 0.235 
13.912 -7.017 -0.634 0.097 0.234 
13.959 -7.118 -0.668 0.097 0.233 
13.981 -7.174 -0.685 0.097 0.233 
13.995 -7.192 -0.701 0.098 0.233 
13.995 -7.190 -0.709 0.097 0.233 
13.990 -7.182 -0.713 0.097 0.233 
13.984 -7.161 -0.710 0.097 0.233 
13.975 -7.140 -0.705 0.097 0.233 
13.969 -7.113 -0.698 0.096 0.233 
13.967 -7.075 -0.696 0.096 0.231 
13.967 -7.026 -0.680 0.096 0.231 
13.946 -6.906 -0.674 0.093 0.231 
13.887 -6.739 -0.683 0.097 0.233 
13.809 -6.601 -0.679 0.096 0.233 
13.715 -6.410 -0.721 0.096 0.232 
13.652 -6.241 -0.726 0.096 0.232 
13.552 -6.014 -0.736 0.095 0.233 
13.438 -5.775 -0.733 0.093 0.233 
13.297 -5.475 -0.722 0.095 0.234 
13.105 -5.104 -0.727 0.095 0.236 
12.924 -4.698 -0.736 0.094 0.237 
12.705 -4.259 -0.730 0.094 0.238 
12.482 -3.782 -0.750 0.100 0.241 
12.248 -3.282 -0.747 0.098 0.243 
11.992 -2.748 -0.759 0.093 0.244 
11.730 -2.201 -0.769 0.098 0.246 
11.482 -1.679 -0.754 0.099 0.249 
11.231 -1.148 -0.780 0.098 0.251 
10.988 -0.650 -0.772 0.098 0.252 
10.745 -0.156 -0.759 0.095 0.254 
10.530 0.270 -0.724 0.098 0.256 
10.363 0.649 -0.716 0.094 0.257 
10.214 0.920 -0.694 0.098 0.258 
10.111 1.100 -0.668 0.095 0.258 
10.031 1.204 -0.655 0.099 0.259 
9.976 1.263 -0.624 0.097 0.259 
9.932 1.295 -0.599 0.099 0.259 
9.919 1.279 -0.542 0.104 0.260 
9.932 1.222 -0.477 0.099 0.258 
9.984 1.112 -0.434 0.098 0.258 
10.057 0.930 -0.366 0.095 0.257 
10.144 0.691 -0.298 0.101 0.257 
10.296 0.403 -0.188 0.101 0.255 
10.483 0.057 -0.045 0.095 0.253 
10.672 -0.303 0.080 0.098 0.252 
10.849 -0.689 0.186 0.098 0.250 
11.062 -1.127 0.262 0.098 0.249 
11.283 -1.618 0.315 0.094 0.246 
11.516 -2.133 0.372 0.098 0.244 
11.792 -2.660 0.406 0.094 0.242 
12.065 -3.181 0.425 0.095 0.241 
12.326 -3.699 0.442 0.099 0.239 
12.603 -4.216 0.438 0.094 0.237 
12.867 -4.723 0.413 0.095 0.235 
13.150 -5.229 0.382 0.096 0.234 
13.454 -5.721 0.352 0.092 0.232 
13.739 -6.175 0.322 0.095 0.231 
14.028 -6.565 0.283 0.092 0.229 
14.300 -6.919 0.257 0.100 0.230 
14.557 -7.211 0.216 0.096 0.228 
14.832 -7.478 0.203 0.096 0.227 
15.086 -7.707 0.138 0.095 0.227 
15.361 -7.952 0.113 0.095 0.227 
15.630 -8.154 0.064 0.096 0.227 
15.888 -8.359 0.071 0.096 0.226 
16.156 -8.528 0.051 0.096 0.226 
16.443 -8.695 0.064 0.092 0.225 
16.694 -8.831 0.057 0.095 0.226 
16.917 -8.960 0.004 0.097 0.225 
17.153 -9.012 0.004 0.097 0.225 
17.397 -9.074 0.036 0.093 0.225 
17.604 -9.093 0.047 0.093 0.225 
17.807 -9.104 0.056 0.092 0.226 
18.014 -9.120 0.062 0.095 0.226 
18.224 -9.106 0.030 0.092 0.226 
18.424 -9.106 0.011 0.091 0.228 
18.619 -9.122 -0.012 0.095 0.227 
18.840 -9.111 -0.049 0.091 0.228 
19.044 -9.090 -0.062 0.090 0.229 
19.231 -9.070 -0.106 0.096 0.229 
19.445 -9.060 -0.140 0.094 0.229 
19.641 -9.037 -0.182 0.095 0.230 
19.828 -9.047 -0.225 0.094 0.229 
20.062 -9.080 -0.292 0.094 0.231 
20.223 -9.095 -0.329 0.093 0.230 
20.449 -9.117 -0.339 0.093 0.231 
20.650 -9.114 -0.347 0.094 0.231 
20.851 -9.153 -0.355 0.094 0.229 
21.070 -9.145 -0.342 0.092 0.231 
21.214 -9.151 -0.343 0.094 0.230 
21.401 -9.139 -0.337 0.092 0.232 
21.517 -9.170 -0.353 0.094 0.231 
21.677 -9.220 -0.369 0.099 0.232 
21.780 -9.233 -0.402 0.094 0.232 
21.861 -9.258 -0.429 0.095 0.232 
21.944 -9.289 -0.472 0.094 0.231 
22.010 -9.342 -0.499 0.099 0.233 
22.017 -9.359 -0.526 0.100 0.233 
22.020 -9.384 -0.530 0.100 0.234 
22.022 -9.442 -0.515 0.094 0.232 
22.001 -9.525 -0.522 0.094 0.231 
21.953 -9.583 -0.520 0.093 0.231 
21.878 -9.676 -0.534 0.094 0.230 
21.814 -9.760 -0.546 0.096 0.231 
21.716 -9.884 -0.552 0.093 0.230 
21.545 -9.924 -0.595 0.091 0.229 
21.406 -9.997 -0.624 0.094 0.229 
21.198 -10.047 -0.655 0.093 0.229 
21.009 -10.077 -0.672 0.092 0.230 
20.797 -10.130 -0.699 0.095 0.229 
20.545 -10.169 -0.711 0.094 0.229 
20.322 -10.193 -0.713 0.095 0.229 
20.060 -10.214 -0.709 0.094 0.229 
19.770 -10.226 -0.703 0.094 0.229 
19.466 -10.220 -0.696 0.095 0.229 
19.166 -10.173 -0.676 0.096 0.229 
18.872 -10.105 -0.650 0.096 0.231 
18.540 -10.016 -0.605 0.096 0.231 
18.225 -9.903 -0.618 0.097 0.233 
17.897 -9.767 -0.599 0.096 0.232 
17.562 -9.649 -0.567 0.096 0.233 
17.232 -9.496 -0.578 0.097 0.235 
16.937 -9.400 -0.564 0.098 0.233 
16.618 -9.299 -0.546 0.096 0.233 
16.308 -9.174 -0.510 0.095 0.234 
15.999 -8.990 -0.505 0.097 0.234 
15.686 -8.810 -0.469 0.096 0.235 
15.349 -8.564 -0.455 0.099 0.236 
15.018 -8.337 -0.417 0.096 0.236 
14.685 -8.093 -0.420 0.098 0.238 
14.337 -7.835 -0.402 0.102 0.239 
14.013 -7.603 -0.404 0.097 0.238 
13.685 -7.343 -0.385 0.102 0.240 
13.380 -7.072 -0.353 0.098 0.240 
13.075 -6.778 -0.331 0.098 0.241 
12.792 -6.488 -0.299 0.099 0.242 
12.532 -6.243 -0.253 0.099 0.241 
12.276 -5.953 -0.213 0.100 0.243 
12.034 -5.685 -0.159 0.104 0.245 
11.896 -5.438 -0.106 0.101 0.244 
11.744 -5.217 -0.049 0.104 0.246 
11.683 -5.042 0.008 0.101 0.244 
11.675 -4.937 0.074 0.101 0.244 
11.737 -4.865 0.148 0.104 0.244 
11.881 -4.848 0.201 0.103 0.243 
12.034 -4.835 0.271 0.100 0.243 
12.276 -4.862 0.391 0.101 0.243 
12.573 -4.919 0.522 0.097 0.241 
12.924 -5.014 0.650 0.101 0.241 
13.332 -5.198 0.786 0.099 0.239 
13.744 -5.373 0.894 0.093 0.238 
14.179 -5.590 0.983 0.092 0.235 
14.630 -5.806 1.044 0.097 0.236 
15.062 -6.028 1.068 0.091 0.234 
15.474 -6.221 1.070 0.087 0.234 
15.884 -6.436 1.021 0.091 0.232 
16.292 -6.661 0.972 0.088 0.231 
16.738 -6.901 0.889 0.091 0.232 
17.151 -7.098 0.797 0.090 0.231 
17.588 -7.317 0.745 0.088 0.229 
17.999 -7.510 0.663 0.091 0.229 
18.420 -7.682 0.560 0.089 0.230 
18.798 -7.872 0.482 0.089 0.228 
19.149 -8.017 0.348 0.089 0.230 
19.475 -8.145 0.201 0.089 0.229 
19.793 -8.248 0.071 0.089 0.230 
20.093 -8.319 -0.044 0.090 0.230 
20.390 -8.371 -0.156 0.089 0.229 
20.656 -8.420 -0.267 0.085 0.230 
20.935 -8.505 -0.355 0.086 0.230 
21.194 -8.618 -0.464 0.085 0.230 
21.439 -8.699 -0.555 0.085 0.231 
21.670 -8.793 -0.641 0.089 0.230 
21.912 -8.842 -0.724 0.084 0.230 
22.106 -8.895 -0.791 0.083 0.231 
22.281 -8.936 -0.861 0.084 0.231 
22.442 -8.963 -0.910 0.083 0.231 
22.571 -8.992 -0.970 0.083 0.231 
22.685 -9.014 -1.009 0.085 0.231 
22.800 -9.023 -1.061 0.082 0.232 
22.891 -9.012 -1.088 0.080 0.231 
22.975 -9.019 -1.096 0.081 0.231 
23.019 -9.028 -1.091 0.085 0.232 
23.060 -9.026 -1.096 0.083 0.232 
23.074 -9.033 -1.099 0.083 0.233 
23.075 -9.031 -1.093 0.083 0.233 
23.067 -9.021 -1.084 0.083 0.233 
23.050 -8.992 -1.072 0.082 0.233 
22.999 -8.911 -1.098 0.083 0.235 
22.951 -8.879 -1.086 0.083 0.234 
22.896 -8.866 -1.084 0.082 0.234 
22.819 -8.838 -1.072 0.081 0.236 
22.735 -8.825 -1.068 0.081 0.235 
22.636 -8.793 -1.056 0.082 0.236 
22.499 -8.743 -1.047 0.080 0.236 
22.367 -8.682 -1.028 0.079 0.237 
22.199 -8.621 -0.997 0.080 0.238 
22.061 -8.545 -1.001 0.078 0.238 
21.858 -8.457 -0.987 0.077 0.239 
21.628 -8.312 -0.993 0.079 0.241 
21.420 -8.170 -0.973 0.080 0.241 
21.173 -7.987 -0.943 0.085 0.243 
20.921 -7.764 -0.917 0.080 0.244 
20.654 -7.494 -0.896 0.083 0.247 
20.370 -7.174 -0.873 0.082 0.249 
20.116 -6.907 -0.839 0.081 0.250 
19.857 -6.672 -0.831 0.086 0.252 
19.612 -6.456 -0.821 0.080 0.252 
19.350 -6.210 -0.827 0.081 0.253 
19.086 -5.968 -0.822 0.084 0.255 
18.820 -5.698 -0.805 0.080 0.256 
18.538 -5.374 -0.785 0.081 0.258 
18.247 -5.025 -0.776 0.081 0.260 
17.939 -4.704 -0.767 0.083 0.261 
17.646 -4.369 -0.772 0.085 0.263 
17.330 -4.011 -0.764 0.085 0.265 
17.006 -3.624 -0.769 0.085 0.267 
16.681 -3.226 -0.769 0.085 0.269 
16.375 -2.820 -0.771 0.084 0.272 
16.062 -2.431 -0.772 0.084 0.274 
15.779 -2.091 -0.792 0.084 0.276 
15.532 -1.804 -0.788 0.086 0.277 
15.322 -1.576 -0.780 0.085 0.278 
15.147 -1.368 -0.777 0.086 0.281 
15.014 -1.188 -0.749 0.085 0.280 
14.893 -1.006 -0.683 0.088 0.284 
14.805 -0.830 -0.618 0.087 0.284 
14.745 -0.655 -0.509 0.085 0.286 
14.708 -0.466 -0.402 0.088 0.289 
14.744 -0.384 -0.260 0.089 0.290 
14.855 -0.365 -0.041 0.085 0.291 
15.021 -0.387 0.169 0.084 0.292 
15.250 -0.446 0.425 0.084 0.293 
15.527 -0.553 0.668 0.077 0.294 
15.853 -0.771 0.882 0.074 0.295 
16.214 -1.060 1.060 0.072 0.296 
16.621 -1.370 1.229 0.071 0.299 
17.010 -1.694 1.419 0.069 0.301 
17.429 -1.994 1.611 0.067 0.304 
17.927 -2.210 1.890 0.062 0.308 
18.417 -2.465 2.236 0.058 0.312 
18.862 -2.691 2.531 0.052 0.317 
19.305 -2.944 2.767 0.049 0.322 
19.698 -3.270 2.924 0.044 0.327 
20.114 -3.715 3.058 0.043 0.330 
20.499 -4.209 3.103 0.043 0.333 
20.842 -4.758 3.119 0.047 0.336 
21.198 -5.360 3.082 0.041 0.336 
21.527 -5.989 3.032 0.045 0.336 
21.839 -6.633 2.940 0.043 0.335 
22.083 -7.173 2.819 0.045 0.336 
22.269 -7.619 2.687 0.048 0.337 
22.439 -8.040 2.560 0.046 0.337 
22.585 -8.399 2.452 0.053 0.338 
22.731 -8.734 2.398 0.051 0.338 
22.872 -9.029 2.359 0.052 0.337 
22.980 -9.276 2.320 0.057 0.337 
23.072 -9.503 2.266 0.052 0.336 
23.145 -9.684 2.220 0.058 0.337 
23.198 -9.806 2.137 0.059 0.336 
23.256 -9.877 2.096 0.060 0.336 
23.310 -9.902 2.070 0.060 0.336 
23.377 -9.872 2.056 0.056 0.337 
23.438 -9.865 2.075 0.060 0.336 
23.488 -9.851 2.067 0.061 0.336 
23.529 -9.815 2.033 0.061 0.335 
23.546 -9.722 1.962 0.058 0.335 
23.549 -9.583 1.874 0.063 0.336 
23.552 -9.415 1.767 0.065 0.337 
23.559 -9.278 1.689 0.064 0.336 
23.578 -9.143 1.565 0.065 0.337 
23.622 -9.087 1.466 0.066 0.336 
23.653 -9.000 1.289 0.068 0.335 
23.715 -8.941 1.130 0.064 0.334 
23.764 -8.885 0.950 0.069 0.334 
23.837 -8.873 0.790 0.069 0.332 
23.909 -8.854 0.595 0.065 0.331 
23.970 -8.834 0.413 0.071 0.330 
24.036 -8.842 0.256 0.067 0.329 
24.090 -8.877 0.082 0.068 0.326 
24.134 -8.932 -0.077 0.068 0.326 
24.152 -8.947 -0.254 0.074 0.325 
24.150 -8.964 -0.364 0.073 0.324 
24.137 -8.952 -0.475 0.070 0.323 
24.106 -8.945 -0.539 0.069 0.321 
24.071 -8.932 -0.598 0.066 0.320 
24.008 -8.888 -0.657 0.072 0.321 
23.902 -8.799 -0.675 0.070 0.320 
23.768 -8.671 -0.699 0.069 0.319 
23.576 -8.477 -0.759 0.070 0.321 
23.379 -8.293 -0.831 0.070 0.322 
23.156 -8.124 -0.862 0.069 0.321 
22.941 -7.943 -0.904 0.075 0.323 
22.704 -7.747 -0.941 0.068 0.322 
22.441 -7.531 -0.947 0.073 0.324 
22.159 -7.278 -0.980 0.074 0.325 
21.862 -7.017 -0.974 0.069 0.326 
21.544 -6.743 -0.962 0.074 0.327 
21.210 -6.417 -0.979 0.072 0.329 
20.834 -6.078 -0.968 0.074 0.331 
20.420 -5.712 -0.970 0.074 0.334 
19.997 -5.286 -0.976 0.074 0.337 
19.540 -4.841 -0.987 0.072 0.339 
19.110 -4.420 -0.982 0.073 0.342 
18.700 -4.011 -0.979 0.081 0.345 
18.338 -3.652 -0.970 0.083 0.347 
18.016 -3.343 -0.938 0.078 0.348 
17.721 -3.058 -0.929 0.078 0.351 
17.473 -2.788 -0.901 0.082 0.353 
17.289 -2.561 -0.830 0.079 0.355 
17.134 -2.324 -0.753 0.084 0.358 
17.072 -2.140 -0.636 0.082 0.360 
17.085 -2.076 -0.517 0.082 0.361 
17.175 -2.136 -0.388 0.086 0.363 
17.343 -2.323 -0.246 0.083 0.362 
17.611 -2.630 -0.124 0.081 0.362 
17.936 -3.018 0.002 0.081 0.362 
18.346 -3.496 0.154 0.079 0.361 
18.805 -3.987 0.349 0.074 0.359 
19.349 -4.548 0.598 0.071 0.357 
19.910 -5.149 0.870 0.071 0.356 
20.498 -5.793 1.119 0.070 0.354 
21.069 -6.457 1.360 0.072 0.352 
21.619 -7.107 1.501 0.069 0.351 
22.125 -7.776 1.610 0.066 0.349 
22.599 -8.438 1.619 0.065 0.347 
23.073 -9.088 1.611 0.066 0.345 
23.474 -9.695 1.522 0.066 0.344 
23.871 -10.273 1.381 0.069 0.343 
24.249 -10.813 1.208 0.070 0.341 
24.596 -11.299 1.047 0.070 0.340 
24.940 -11.721 0.894 0.067 0.340 
25.262 -12.094 0.778 0.068 0.339 
25.566 -12.382 0.693 0.072 0.339 
25.859 -12.638 0.653 0.066 0.339 
26.110 -12.845 0.600 0.070 0.338 
26.316 -13.040 0.518 0.065 0.337 
26.489 -13.206 0.414 0.070 0.337 
26.614 -13.279 0.278 0.069 0.337 
26.710 -13.327 0.164 0.066 0.338 
26.749 -13.307 0.035 0.073 0.339 
26.770 -13.296 -0.077 0.074 0.338 
26.788 -13.238 -0.210 0.068 0.338 
26.790 -13.164 -0.294 0.073 0.338 
26.818 -13.070 -0.338 0.070 0.339 
26.833 -12.909 -0.376 0.075 0.339 
26.849 -12.736 -0.358 0.070 0.340 
26.858 -12.573 -0.353 0.070 0.339 
26.832 -12.416 -0.381 0.074 0.339 
26.825 -12.289 -0.437 0.071 0.339 
26.777 -12.162 -0.497 0.075 0.339 
26.743 -12.053 -0.520 0.073 0.338 
26.701 -11.918 -0.536 0.074 0.337 
26.614 -11.706 -0.588 0.073 0.338 
26.521 -11.507 -0.614 0.075 0.338 
26.418 -11.339 -0.623 0.074 0.337 
26.281 -11.139 -0.700 0.078 0.337 
26.161 -10.989 -0.750 0.073 0.336 
26.005 -10.830 -0.815 0.076 0.335 
25.849 -10.662 -0.860 0.073 0.335 
25.628 -10.457 -0.902 0.078 0.334 
25.414 -10.220 -0.918 0.073 0.333 
25.140 -9.897 -0.956 0.073 0.334 
24.829 -9.529 -0.962 0.077 0.334 
24.460 -9.048 -0.998 0.078 0.336 
24.061 -8.559 -0.993 0.078 0.337 
23.616 -8.001 -1.003 0.076 0.338 
23.144 -7.432 -1.013 0.078 0.341 
22.674 -6.872 -1.002 0.078 0.342 
22.168 -6.298 -1.040 0.078 0.344 
21.650 -5.735 -1.064 0.083 0.346 
21.121 -5.196 -1.099 0.079 0.347 
20.632 -4.725 -1.105 0.079 0.348 
20.158 -4.316 -1.124 0.078 0.348 
19.725 -3.943 -1.111 0.078 0.349 
19.305 -3.570 -1.104 0.079 0.350 
18.888 -3.208 -1.087 0.081 0.351 
18.505 -2.882 -1.060 0.083 0.351 
18.133 -2.551 -1.022 0.084 0.353 
17.790 -2.261 -0.918 0.082 0.352 
17.484 -1.977 -0.823 0.085 0.354 
17.186 -1.753 -0.693 0.083 0.354 
16.948 -1.616 -0.549 0.085 0.355 
16.737 -1.541 -0.418 0.084 0.354 
16.555 -1.549 -0.256 0.086 0.353 
16.412 -1.644 -0.051 0.083 0.351 
16.293 -1.766 0.152 0.089 0.350 
16.214 -1.957 0.373 0.088 0.348 
16.197 -2.223 0.622 0.082 0.344 
16.208 -2.543 0.847 0.082 0.342 
16.211 -2.904 1.054 0.083 0.339 
16.238 -3.300 1.268 0.083 0.335 
16.246 -3.663 1.426 0.084 0.332 
16.247 -4.027 1.585 0.085 0.330 
16.284 -4.387 1.736 0.081 0.326 
16.332 -4.739 1.880 0.082 0.323 
16.395 -5.118 2.025 0.087 0.321 
16.493 -5.490 2.154 0.087 0.318 
16.602 -5.860 2.309 0.083 0.314 
16.743 -6.208 2.447 0.084 0.312 
16.899 -6.520 2.576 0.083 0.309 
17.038 -6.789 2.697 0.084 0.306 
17.214 -7.057 2.785 0.083 0.304 
17.375 -7.334 2.827 0.081 0.302 
17.571 -7.671 2.817 0.080 0.298 
17.766 -8.012 2.748 0.087 0.296 
17.981 -8.371 2.700 0.087 0.293 
18.192 -8.720 2.617 0.088 0.290 
18.379 -9.009 2.468 0.088 0.288 
18.574 -9.271 2.341 0.084 0.286 
18.734 -9.464 2.194 0.088 0.284 
18.864 -9.600 2.051 0.087 0.283 
18.975 -9.692 1.917 0.091 0.282 
19.047 -9.712 1.757 0.088 0.280 
19.092 -9.728 1.611 0.088 0.279 
19.100 -9.692 1.429 0.092 0.280 
19.071 -9.646 1.322 0.090 0.280 
19.018 -9.562 1.236 0.096 0.280 
18.961 -9.479 1.220 0.096 0.279 
18.898 -9.384 1.240 0.096 0.279 
18.784 -9.236 1.267 0.091 0.277 
18.660 -9.073 1.306 0.097 0.278 
18.535 -8.887 1.361 0.092 0.278 
18.343 -8.647 1.395 0.096 0.279 
18.145 -8.397 1.434 0.094 0.278 
17.919 -8.148 1.450 0.097 0.279 
17.699 -7.910 1.475 0.092 0.278 
17.489 -7.666 1.490 0.095 0.279 
17.308 -7.481 1.508 0.093 0.277 
17.120 -7.285 1.471 0.096 0.277 
16.945 -7.124 1.436 0.094 0.276 
16.738 -6.939 1.359 0.099 0.275 
16.531 -6.743 1.240 0.098 0.276 
16.324 -6.514 1.095 0.099 0.275 
16.121 -6.282 0.982 0.095 0.274 
15.947 -6.048 0.853 0.095 0.274 
15.760 -5.821 0.715 0.096 0.274 
15.618 -5.621 0.594 0.100 0.275 
15.458 -5.408 0.423 0.098 0.274 
15.331 -5.277 0.288 0.096 0.273 
15.206 -5.140 0.086 0.095 0.272 
15.082 -5.011 -0.129 0.099 0.271 
14.976 -4.907 -0.283 0.095 0.269 
14.872 -4.764 -0.465 0.094 0.269 
14.784 -4.638 -0.635 0.097 0.269 
14.690 -4.504 -0.759 0.094 0.267 
14.591 -4.317 -0.884 0.093 0.266 
14.483 -4.076 -0.974 0.093 0.266 
14.351 -3.835 -1.018 0.091 0.266 
14.223 -3.557 -1.055 0.090 0.265 
14.087 -3.237 -1.100 0.091 0.266 
13.939 -2.858 -1.118 0.089 0.267 
13.750 -2.410 -1.138 0.089 0.267 
13.582 -1.997 -1.136 0.088 0.268 
13.377 -1.536 -1.159 0.094 0.270 
13.185 -1.046 -1.173 0.087 0.270 
13.004 -0.587 -1.170 0.088 0.272 
12.810 -0.095 -1.162 0.088 0.272 
12.624 0.413 -1.162 0.092 0.275 
12.431 0.960 -1.166 0.087 0.276 
12.256 1.457 -1.135 0.086 0.278 
12.071 1.975 -1.137 0.091 0.280 
11.893 2.511 -1.139 0.089 0.281 
11.739 2.986 -1.125 0.087 0.283 
11.583 3.426 -1.122 0.087 0.283 
11.461 3.854 -1.135 0.092 0.285 
11.373 4.204 -1.138 0.092 0.286 
11.309 4.504 -1.124 0.089 0.285 
11.254 4.760 -1.118 0.091 0.286 
11.230 5.031 -1.126 0.092 0.287 
11.214 5.250 -1.102 0.091 0.287 
11.205 5.426 -1.116 0.092 0.288 
11.209 5.502 -1.114 0.091 0.287 
11.228 5.574 -1.105 0.091 0.286 
11.258 5.720 -1.098 0.087 0.286 
11.269 5.859 -1.102 0.092 0.288 
11.284 5.904 -1.088 0.092 0.288 
11.300 5.921 -1.069 0.093 0.288 
11.316 5.938 -1.033 0.094 0.287 
11.335 5.950 -0.981 0.094 0.288 
11.348 5.958 -0.922 0.094 0.288 
11.356 5.963 -0.851 0.095 0.288 
11.375 5.930 -0.725 0.092 0.287 
11.386 5.875 -0.637 0.095 0.287 
11.379 5.802 -0.578 0.096 0.286 
11.357 5.698 -0.502 0.092 0.285 
11.310 5.614 -0.452 0.095 0.284 
11.255 5.522 -0.409 0.095 0.284 
11.215 5.386 -0.349 0.093 0.283 
11.144 5.254 -0.322 0.093 0.281 
11.065 5.107 -0.312 0.089 0.280 
10.970 4.978 -0.356 0.093 0.279 
10.821 4.931 -0.425 0.089 0.279 
10.656 4.898 -0.466 0.093 0.279 
10.497 4.861 -0.511 0.093 0.279 
10.316 4.850 -0.589 0.090 0.277 
10.155 4.811 -0.643 0.088 0.278 
9.975 4.803 -0.712 0.089 0.276 
9.816 4.793 -0.775 0.088 0.276 
9.630 4.814 -0.852 0.093 0.277 
9.474 4.817 -0.910 0.092 0.277 
9.308 4.844 -0.978 0.090 0.276 
9.157 4.888 -1.026 0.088 0.275 
9.013 4.926 -1.043 0.087 0.275 
8.892 4.963 -1.063 0.088 0.274 
8.803 4.993 -1.073 0.088 0.273 
8.703 5.051 -1.084 0.090 0.274 
8.630 5.111 -1.092 0.091 0.273 
8.562 5.204 -1.106 0.086 0.273 
8.494 5.322 -1.098 0.086 0.273 
8.412 5.504 -1.087 0.088 0.274 
8.339 5.709 -1.058 0.086 0.274 
8.281 5.937 -1.016 0.090 0.276 
8.236 6.143 -0.980 0.086 0.276 
8.195 6.337 -0.940 0.090 0.277 
8.177 6.494 -0.930 0.086 0.277 
8.167 6.617 -0.931 0.085 0.277 
8.160 6.758 -0.933 0.089 0.278 
8.175 6.911 -0.923 0.086 0.278 
8.197 7.076 -0.893 0.085 0.278 
8.212 7.257 -0.874 0.089 0.279 
8.234 7.428 -0.855 0.085 0.279 
8.273 7.589 -0.856 0.091 0.280 
8.337 7.711 -0.840 0.090 0.279 
8.405 7.840 -0.851 0.086 0.279 
8.473 7.983 -0.861 0.089 0.280 
8.536 8.143 -0.861 0.087 0.280 
8.601 8.312 -0.862 0.090 0.281 
8.673 8.455 -0.858 0.090 0.281 
8.747 8.596 -0.856 0.087 0.281 
8.842 8.724 -0.864 0.090 0.281 
8.949 8.835 -0.855 0.090 0.282 
9.037 8.964 -0.868 0.086 0.281 
9.139 9.082 -0.868 0.091 0.283 
9.235 9.214 -0.864 0.088 0.282 
9.313 9.351 -0.863 0.086 0.282 
9.389 9.485 -0.885 0.090 0.284 
9.467 9.584 -0.888 0.090 0.284 
9.551 9.671 -0.911 0.085 0.284 
9.622 9.749 -0.943 0.091 0.285 
9.690 9.801 -0.933 0.091 0.285 
9.770 9.838 -0.919 0.092 0.286 
9.864 9.852 -0.884 0.091 0.286 
9.974 9.838 -0.839 0.092 0.286 
10.093 9.783 -0.762 0.086 0.285 
10.219 9.672 -0.683 0.091 0.285 
10.366 9.494 -0.547 0.090 0.284 
10.498 9.321 -0.404 0.086 0.283 
10.664 9.103 -0.251 0.084 0.281 
10.838 8.810 -0.084 0.086 0.280 
11.038 8.455 0.057 0.084 0.279 
11.251 8.045 0.192 0.089 0.277 
11.473 7.595 0.330 0.084 0.275 
11.708 7.112 0.448 0.085 0.273 
11.966 6.565 0.592 0.084 0.270 
12.222 5.979 0.720 0.084 0.267 
12.474 5.379 0.840 0.083 0.263 
12.712 4.791 0.910 0.079 0.260 
12.911 4.215 0.954 0.085 0.258 
13.104 3.652 0.983 0.080 0.254 
13.283 3.109 0.990 0.085 0.253 
13.421 2.603 0.980 0.082 0.248 
13.537 2.129 0.926 0.083 0.247 
13.655 1.667 0.844 0.084 0.244 
13.736 1.246 0.738 0.085 0.242 
13.811 0.853 0.648 0.086 0.239 
13.893 0.548 0.538 0.087 0.238 
13.948 0.289 0.482 0.088 0.236 
13.991 0.127 0.412 0.088 0.235 
14.022 0.021 0.349 0.090 0.234 
14.039 -0.045 0.306 0.090 0.233 
14.065 -0.077 0.253 0.091 0.233 
14.076 -0.088 0.223 0.092 0.232 
14.082 -0.088 0.203 0.092 0.231 
14.085 -0.063 0.180 0.092 0.230 
14.087 -0.017 0.163 0.092 0.230 
14.088 0.051 0.138 0.091 0.229 
14.085 0.171 0.068 0.093 0.230 
14.083 0.279 0.029 0.092 0.229 
14.069 0.434 -0.057 0.095 0.230 
14.039 0.596 -0.111 0.093 0.229 
14.011 0.804 -0.201 0.094 0.229 
13.987 1.000 -0.233 0.094 0.229 
13.954 1.257 -0.300 0.093 0.229 
13.920 1.530 -0.359 0.094 0.230 
13.866 1.834 -0.400 0.095 0.230 
13.833 2.156 -0.441 0.095 0.230 
13.801 2.480 -0.456 0.097 0.231 
13.754 2.821 -0.469 0.098 0.232 
13.710 3.168 -0.480 0.100 0.232 
13.662 3.542 -0.490 0.099 0.234 
13.582 3.927 -0.508 0.101 0.234 
13.507 4.289 -0.549 0.100 0.235 
13.418 4.703 -0.556 0.099 0.237 
13.299 5.156 -0.583 0.094 0.236 
13.191 5.626 -0.586 0.095 0.237 
13.091 6.128 -0.590 0.099 0.238 
12.966 6.645 -0.577 0.097 0.240 
12.861 7.148 -0.565 0.096 0.241 
12.752 7.687 -0.560 0.098 0.244 
12.619 8.196 -0.560 0.097 0.245 
12.495 8.698 -0.560 0.094 0.246 
12.363 9.224 -0.579 0.099 0.247 
12.248 9.715 -0.574 0.099 0.250 
12.145 10.208 -0.614 0.098 0.252 
12.035 10.634 -0.631 0.100 0.252 
11.970 11.039 -0.626 0.100 0.253 
11.922 11.438 -0.603 0.100 0.254 
11.883 11.826 -0.557 0.099 0.256 
11.848 12.181 -0.527 0.100 0.257 
11.848 12.435 -0.430 0.100 0.257 
11.869 12.670 -0.356 0.101 0.258 
11.945 12.765 -0.260 0.099 0.259 
12.018 12.790 -0.132 0.099 0.259 
12.120 12.722 0.015 0.098 0.258 
12.237 12.641 0.117 0.100 0.257 
12.382 12.499 0.271 0.097 0.257 
12.512 12.304 0.420 0.099 0.254 
12.680 12.068 0.577 0.096 0.254 
12.839 11.831 0.742 0.096 0.254 
13.031 11.493 0.873 0.095 0.252 
13.213 11.127 1.019 0.095 0.251 
13.435 10.651 1.112 0.091 0.248 
13.638 10.132 1.208 0.096 0.247 
13.862 9.529 1.287 0.096 0.244 
14.094 8.909 1.344 0.093 0.242 
14.348 8.236 1.396 0.093 0.239 
14.605 7.523 1.426 0.091 0.236 
14.872 6.771 1.435 0.094 0.233 
15.151 5.999 1.442 0.093 0.230 
15.446 5.225 1.426 0.094 0.228 
15.733 4.459 1.403 0.096 0.225 
16.034 3.707 1.395 0.095 0.222 
16.337 2.962 1.376 0.096 0.219 
16.647 2.240 1.340 0.091 0.217 
16.939 1.517 1.300 0.092 0.212 
17.249 0.829 1.251 0.097 0.212 
17.549 0.168 1.208 0.093 0.209 
17.850 -0.476 1.156 0.091 0.208 
18.115 -1.076 1.065 0.092 0.206 
18.367 -1.627 0.980 0.096 0.205 
18.596 -2.150 0.894 0.098 0.204 
18.810 -2.582 0.791 0.096 0.201 
18.983 -2.950 0.697 0.095 0.200 
19.130 -3.271 0.608 0.095 0.199 
19.223 -3.483 0.485 0.097 0.200 
19.290 -3.603 0.374 0.095 0.200 
19.340 -3.669 0.277 0.097 0.201 
19.362 -3.696 0.205 0.096 0.201 
19.366 -3.651 0.160 0.095 0.201 
19.331 -3.537 0.094 0.099 0.202 
19.290 -3.383 0.070 0.098 0.202 
19.211 -3.166 0.047 0.100 0.203 
19.152 -2.927 0.037 0.096 0.203 
19.075 -2.625 0.027 0.096 0.204 
18.978 -2.287 0.016 0.097 0.205 
18.896 -1.937 0.033 0.102 0.207 
18.779 -1.500 0.028 0.097 0.209 
18.630 -1.042 0.016 0.096 0.210 
18.499 -0.519 -0.026 0.101 0.212 
18.382 0.022 -0.085 0.094 0.213 
18.214 0.579 -0.149 0.100 0.216 
18.055 1.175 -0.232 0.099 0.217 
17.890 1.757 -0.274 0.100 0.219 
17.738 2.347 -0.365 0.099 0.221 
17.594 2.970 -0.432 0.099 0.222 
17.446 3.556 -0.461 0.097 0.224 
17.280 4.233 -0.492 0.096 0.226 
17.126 4.867 -0.535 0.097 0.228 
16.934 5.491 -0.557 0.100 0.231 
16.779 6.066 -0.591 0.096 0.231 
16.616 6.667 -0.639 0.096 0.234 
16.441 7.223 -0.668 0.096 0.234 
16.311 7.730 -0.702 0.100 0.236 
16.171 8.187 -0.736 0.094 0.237 
16.055 8.611 -0.739 0.094 0.238 
15.955 8.997 -0.769 0.094 0.238 
15.882 9.340 -0.771 0.093 0.240 
15.800 9.658 -0.759 0.094 0.241 
15.744 9.945 -0.747 0.098 0.242 
15.702 10.196 -0.723 0.094 0.242 
15.664 10.392 -0.719 0.097 0.244 
15.644 10.559 -0.704 0.094 0.243 
15.623 10.705 -0.674 0.098 0.246 
15.600 10.811 -0.629 0.099 0.246 
15.593 10.880 -0.579 0.098 0.246 
15.585 10.934 -0.515 0.098 0.248 
15.592 10.941 -0.459 0.099 0.248 
15.602 10.929 -0.403 0.100 0.248 
15.613 10.906 -0.344 0.100 0.248 
15.640 10.825 -0.252 0.095 0.247 
15.684 10.721 -0.144 0.101 0.247 
15.738 10.599 -0.010 0.095 0.246 
15.805 10.448 0.117 0.099 0.247 
15.885 10.253 0.283 0.098 0.247 
16.011 10.002 0.446 0.098 0.246 
16.147 9.705 0.590 0.099 0.245 
16.290 9.401 0.740 0.098 0.244 
16.462 9.043 0.887 0.092 0.242 
16.646 8.674 0.991 0.093 0.240 
16.838 8.295 1.092 0.093 0.239 
17.049 7.881 1.207 0.099 0.239 
17.253 7.441 1.294 0.091 0.236 
17.482 6.991 1.334 0.092 0.235 
17.721 6.477 1.386 0.098 0.234 
17.963 5.949 1.422 0.093 0.230 
18.209 5.381 1.443 0.090 0.227 
18.481 4.840 1.483 0.093 0.226 
18.744 4.307 1.493 0.094 0.223 
19.015 3.744 1.549 0.095 0.220 
19.267 3.192 1.519 0.097 0.219 
19.530 2.617 1.497 0.092 0.215 
19.797 2.010 1.445 0.098 0.214 
20.065 1.410 1.390 0.093 0.210 
20.304 0.861 1.279 0.095 0.206 
20.536 0.334 1.181 0.098 0.204 
20.738 -0.148 1.093 0.099 0.201 
20.950 -0.582 1.009 0.099 0.201 
21.106 -0.967 0.935 0.101 0.198 
21.268 -1.274 0.821 0.103 0.198 
21.446 -1.596 0.745 0.103 0.195 
21.571 -1.902 0.698 0.105 0.193 
21.690 -2.114 0.618 0.105 0.193 
21.768 -2.322 0.529 0.105 0.190 
21.859 -2.552 0.458 0.104 0.190 
21.934 -2.697 0.380 0.110 0.188 
21.987 -2.793 0.316 0.109 0.187 
22.014 -2.842 0.254 0.111 0.187 
22.032 -2.852 0.198 0.108 0.186 
22.027 -2.825 0.159 0.106 0.185 
21.990 -2.754 0.098 0.113 0.185 
21.989 -2.690 0.052 0.115 0.185 
21.933 -2.558 -0.026 0.114 0.185 
21.898 -2.405 -0.066 0.115 0.186 
21.843 -2.217 -0.134 0.116 0.185 
21.787 -2.004 -0.187 0.109 0.184 
21.734 -1.792 -0.241 0.115 0.185 
21.629 -1.507 -0.302 0.118 0.185 
21.550 -1.177 -0.359 0.116 0.186 
21.442 -0.822 -0.418 0.116 0.188 
21.284 -0.414 -0.491 0.116 0.187 
21.140 0.026 -0.568 0.110 0.187 
20.968 0.505 -0.651 0.117 0.189 
20.806 0.993 -0.710 0.116 0.190 
20.626 1.586 -0.779 0.115 0.191 
20.447 2.158 -0.863 0.116 0.194 
20.237 2.745 -0.902 0.114 0.194 
20.066 3.350 -0.992 0.114 0.197 
19.860 3.940 -1.030 0.118 0.197 
19.680 4.548 -1.067 0.113 0.199 
19.504 5.171 -1.113 0.112 0.200 
19.284 5.814 -1.115 0.115 0.202 
19.113 6.463 -1.129 0.111 0.203 
18.915 7.106 -1.145 0.111 0.205 
18.709 7.722 -1.151 0.116 0.209 
18.531 8.313 -1.158 0.110 0.208 
18.317 8.923 -1.144 0.115 0.210 
18.124 9.518 -1.142 0.111 0.211 
17.925 10.104 -1.115 0.115 0.214 
17.734 10.721 -1.084 0.116 0.217 
17.580 11.275 -1.012 0.116 0.218 
17.424 11.799 -0.943 0.116 0.219 
17.301 12.251 -0.867 0.115 0.219 
17.181 12.667 -0.807 0.115 0.221 
17.082 13.038 -0.763 0.115 0.222 
17.002 13.351 -0.737 0.115 0.223 
16.936 13.634 -0.709 0.114 0.225 
16.890 13.834 -0.631 0.116 0.224 
16.894 13.957 -0.549 0.115 0.224 
16.921 14.038 -0.455 0.115 0.224 
16.989 14.037 -0.376 0.115 0.225 
17.081 13.973 -0.304 0.116 0.224 
17.182 13.809 -0.222 0.115 0.222 
17.325 13.650 -0.184 0.115 0.223 
17.454 13.392 -0.135 0.116 0.221 
17.608 13.081 -0.076 0.116 0.219 
17.781 12.740 -0.011 0.116 0.218 
17.989 12.336 0.040 0.116 0.218 
18.210 11.858 0.112 0.115 0.214 
18.470 11.339 0.168 0.118 0.214 
18.755 10.758 0.251 0.118 0.211 
19.050 10.139 0.310 0.112 0.208 
19.344 9.459 0.367 0.113 0.206 
19.659 8.740 0.419 0.113 0.204 
19.975 8.008 0.461 0.112 0.202 
20.299 7.268 0.511 0.114 0.199 
20.635 6.541 0.568 0.114 0.197 
20.927 5.823 0.631 0.114 0.194 
21.196 5.122 0.695 0.115 0.192 
21.477 4.424 0.730 0.116 0.191 
21.747 3.767 0.729 0.111 0.186 
22.004 3.143 0.719 0.117 0.187 
22.248 2.505 0.725 0.117 0.185 
22.461 1.939 0.666 0.118 0.184 
22.664 1.397 0.621 0.112 0.181 
22.841 0.902 0.532 0.117 0.179 
23.004 0.470 0.444 0.115 0.178 
23.166 0.073 0.371 0.116 0.176 
23.330 -0.253 0.284 0.122 0.178 
23.476 -0.582 0.247 0.123 0.177 
23.645 -0.875 0.201 0.116 0.174 
23.754 -1.116 0.151 0.122 0.175 
23.904 -1.325 0.114 0.118 0.173 
24.011 -1.488 0.100 0.123 0.174 
24.100 -1.585 0.088 0.121 0.173 
24.202 -1.674 0.101 0.118 0.172 
24.268 -1.704 0.078 0.118 0.172 
24.293 -1.692 0.064 0.118 0.172 
24.309 -1.630 0.049 0.122 0.173 
24.349 -1.576 0.081 0.123 0.173 
24.401 -1.518 0.126 0.123 0.173 
24.455 -1.452 0.191 0.123 0.173 
24.521 -1.380 0.245 0.124 0.173 
24.578 -1.308 0.294 0.122 0.174 
24.598 -1.226 0.309 0.123 0.173 
24.589 -1.099 0.282 0.117 0.172 
24.573 -0.983 0.226 0.123 0.174 
24.550 -0.857 0.143 0.119 0.172 
24.533 -0.754 0.035 0.125 0.173 
24.507 -0.654 -0.072 0.121 0.173 
24.470 -0.563 -0.177 0.124 0.173 
24.468 -0.507 -0.265 0.126 0.173 
24.454 -0.432 -0.358 0.120 0.171 
24.444 -0.364 -0.441 0.126 0.173 
24.448 -0.303 -0.509 0.126 0.173 
24.449 -0.259 -0.583 0.123 0.172 
24.433 -0.202 -0.644 0.120 0.171 
24.408 -0.081 -0.712 0.126 0.172 
24.371 0.058 -0.753 0.119 0.171 
24.316 0.198 -0.784 0.124 0.173 
24.260 0.344 -0.803 0.121 0.174 
24.192 0.483 -0.805 0.118 0.172 
24.106 0.643 -0.818 0.124 0.174 
24.037 0.831 -0.821 0.119 0.173 
23.957 1.039 -0.813 0.123 0.176 
23.844 1.304 -0.807 0.117 0.175 
23.690 1.621 -0.809 0.119 0.177 
23.528 1.974 -0.792 0.121 0.179 
23.336 2.343 -0.806 0.122 0.180 
23.165 2.719 -0.809 0.121 0.183 
22.977 3.107 -0.808 0.121 0.183 
22.799 3.463 -0.816 0.121 0.185 
22.625 3.841 -0.809 0.119 0.187 
22.420 4.307 -0.785 0.119 0.189 
22.240 4.726 -0.782 0.117 0.191 
22.053 5.121 -0.766 0.118 0.193 
21.872 5.528 -0.734 0.116 0.195 
21.681 5.947 -0.715 0.116 0.196 
21.515 6.365 -0.669 0.115 0.199 
21.310 6.822 -0.619 0.114 0.201 
21.108 7.276 -0.580 0.114 0.203 
20.885 7.760 -0.562 0.117 0.208 
20.653 8.223 -0.520 0.115 0.211 
20.419 8.680 -0.496 0.115 0.212 
20.192 9.129 -0.465 0.113 0.214 
19.969 9.577 -0.414 0.113 0.217 
19.768 10.035 -0.353 0.111 0.220 
19.579 10.470 -0.315 0.109 0.223 
19.443 10.805 -0.242 0.112 0.226 
19.326 11.091 -0.173 0.105 0.227 
19.271 11.311 -0.100 0.110 0.231 
19.257 11.440 -0.004 0.107 0.234 
19.280 11.473 0.084 0.107 0.236 
19.327 11.460 0.202 0.101 0.236 
19.419 11.407 0.325 0.106 0.239 
19.549 11.227 0.469 0.105 0.239 
19.716 10.942 0.565 0.100 0.238 
19.897 10.583 0.691 0.103 0.237 
20.109 10.183 0.784 0.104 0.237 
20.365 9.713 0.872 0.098 0.235 
20.617 9.174 0.959 0.097 0.233 
20.909 8.621 1.042 0.101 0.232 
21.207 8.067 1.126 0.097 0.230 
21.522 7.483 1.238 0.095 0.229 
21.846 6.908 1.304 0.099 0.228 
22.176 6.309 1.355 0.094 0.226 
22.517 5.669 1.391 0.093 0.224 
22.842 5.039 1.390 0.091 0.222 
23.141 4.459 1.336 0.092 0.221 
23.448 3.871 1.266 0.088 0.219 
23.752 3.311 1.220 0.092 0.218 
24.038 2.790 1.140 0.091 0.216 
24.296 2.294 1.056 0.091 0.214 
24.558 1.791 0.970 0.087 0.213 
24.778 1.344 0.846 0.087 0.211 
24.976 0.974 0.722 0.092 0.211 
25.164 0.688 0.630 0.088 0.211 
25.342 0.456 0.587 0.092 0.211 
25.527 0.264 0.568 0.086 0.211 
25.661 0.089 0.549 0.091 0.211 
25.798 -0.069 0.507 0.086 0.209 
25.914 -0.184 0.477 0.085 0.210 
26.008 -0.246 0.433 0.086 0.210 
26.094 -0.278 0.400 0.086 0.210 
26.196 -0.304 0.389 0.084 0.211 
26.276 -0.307 0.356 0.086 0.211 
26.346 -0.296 0.345 0.086 0.211 
26.420 -0.267 0.336 0.084 0.211 
26.508 -0.234 0.320 0.084 0.211 
26.572 -0.189 0.315 0.083 0.211 
26.644 -0.121 0.293 0.088 0.213 
26.733 -0.049 0.285 0.089 0.212 
26.804 0.045 0.286 0.083 0.213 
26.880 0.107 0.286 0.082 0.213 
26.962 0.156 0.286 0.083 0.215 
27.033 0.196 0.278 0.082 0.215 
27.097 0.239 0.237 0.087 0.216 
27.167 0.262 0.219 0.085 0.216 
27.245 0.280 0.203 0.086 0.217 
27.304 0.314 0.178 0.086 0.217 
27.378 0.347 0.176 0.086 0.216 
27.449 0.405 0.188 0.081 0.217 
27.538 0.444 0.213 0.080 0.217 
27.633 0.495 0.254 0.081 0.217 
27.708 0.534 0.284 0.081 0.217 
27.759 0.547 0.303 0.081 0.217 
27.800 0.558 0.303 0.082 0.218 
27.818 0.560 0.286 0.082 0.218 
27.822 0.557 0.261 0.081 0.217 
27.824 0.559 0.247 0.081 0.217 
27.813 0.611 0.230 0.087 0.219 
27.784 0.704 0.244 0.087 0.219 
27.712 0.874 0.290 0.085 0.220 
27.605 1.098 0.279 0.086 0.221 
27.490 1.311 0.280 0.080 0.222 
27.325 1.578 0.261 0.086 0.224 
27.129 1.922 0.237 0.084 0.226 
26.918 2.305 0.218 0.085 0.228 
26.659 2.748 0.213 0.084 0.230 
26.385 3.234 0.177 0.085 0.233 
26.075 3.794 0.183 0.084 0.236 
25.740 4.433 0.152 0.084 0.240 
25.411 5.056 0.143 0.090 0.244 
25.066 5.710 0.107 0.088 0.248 
24.710 6.367 0.087 0.089 0.253 
24.339 7.001 0.061 0.083 0.255 
23.957 7.677 0.020 0.085 0.259 
23.557 8.370 -0.007 0.086 0.263 
23.191 8.986 -0.036 0.086 0.267 
22.853 9.518 -0.056 0.091 0.270 
22.543 9.996 -0.065 0.088 0.272 
22.278 10.395 -0.075 0.089 0.275 
22.064 10.704 -0.077 0.089 0.277 
21.922 10.918 -0.072 0.094 0.279 
21.820 11.079 -0.032 0.092 0.280 
21.733 11.225 0.002 0.090 0.281 
21.680 11.350 0.037 0.094 0.283 
21.646 11.458 0.088 0.094 0.284 
21.630 11.541 0.166 0.095 0.285 
21.645 11.562 0.221 0.096 0.286 
21.681 11.526 0.266 0.097 0.287 
21.754 11.482 0.308 0.097 0.288 
21.904 11.304 0.382 0.097 0.287 
22.096 10.994 0.434 0.097 0.286 
22.357 10.600 0.485 0.098 0.284 
22.646 10.183 0.565 0.098 0.282 
22.976 9.716 0.674 0.097 0.279 
23.321 9.267 0.787 0.098 0.278 
23.683 8.784 0.922 0.092 0.275 
24.053 8.297 1.066 0.097 0.273 
24.428 7.817 1.227 0.092 0.270 
24.821 7.305 1.391 0.090 0.267 
25.236 6.767 1.548 0.089 0.264 
25.614 6.259 1.667 0.088 0.262 
25.984 5.732 1.780 0.088 0.258 
26.320 5.262 1.848 0.087 0.256 
26.648 4.792 1.943 0.088 0.254 
26.951 4.368 1.968 0.088 0.251 
27.209 3.980 1.974 0.089 0.249 
27.462 3.632 1.945 0.085 0.247 
27.679 3.314 1.880 0.083 0.245 
27.858 3.059 1.769 0.089 0.243 
28.021 2.849 1.649 0.084 0.241 
28.133 2.709 1.521 0.085 0.241 
28.225 2.614 1.344 0.085 0.240 
28.249 2.556 1.099 0.091 0.240 
28.230 2.515 0.818 0.088 0.239 
28.155 2.538 0.479 0.091 0.239 
28.087 2.571 0.271 0.089 0.237 
28.051 2.648 0.106 0.090 0.237 
28.035 2.732 0.061 0.089 0.236 
28.025 2.835 0.068 0.088 0.235 
28.005 2.977 0.069 0.092 0.236 
27.955 3.157 0.083 0.088 0.236 
27.886 3.353 0.103 0.091 0.238 
27.826 3.526 0.107 0.088 0.236 
27.794 3.626 0.117 0.088 0.236 
27.776 3.709 0.107 0.093 0.236 
27.780 3.774 0.114 0.090 0.236 
27.800 3.825 0.123 0.088 0.236 
27.851 3.865 0.147 0.088 0.235 
27.943 3.885 0.173 0.088 0.235 
28.044 3.874 0.188 0.088 0.235 
28.167 3.825 0.192 0.089 0.234 
28.313 3.727 0.215 0.086 0.232 
28.458 3.659 0.184 0.085 0.231 
28.621 3.605 0.160 0.086 0.231 
28.748 3.570 0.126 0.086 0.230 
28.853 3.546 0.087 0.085 0.229 
28.929 3.515 0.018 0.084 0.229 
28.977 3.491 -0.084 0.085 0.229 
29.009 3.495 -0.147 0.084 0.228 
29.032 3.533 -0.204 0.080 0.227 
29.040 3.600 -0.264 0.084 0.228 
29.012 3.681 -0.291 0.084 0.227 
28.964 3.806 -0.310 0.080 0.227 
28.886 3.927 -0.340 0.085 0.227 
28.810 4.061 -0.329 0.084 0.226 
28.695 4.250 -0.335 0.085 0.227 
28.558 4.459 -0.344 0.084 0.226 
28.384 4.737 -0.339 0.086 0.228 
28.182 5.053 -0.362 0.088 0.228 
27.968 5.398 -0.373 0.087 0.229 
27.751 5.734 -0.398 0.088 0.230 
27.526 6.085 -0.416 0.089 0.230 
27.320 6.435 -0.433 0.088 0.231 
27.116 6.770 -0.444 0.091 0.232 
26.920 7.084 -0.450 0.091 0.233 
26.746 7.409 -0.432 0.094 0.235 
26.548 7.758 -0.431 0.095 0.236 
26.362 8.115 -0.430 0.095 0.237 
26.180 8.461 -0.402 0.090 0.238 
26.012 8.788 -0.400 0.089 0.239 
25.849 9.099 -0.413 0.091 0.239 
25.705 9.404 -0.400 0.091 0.241 
25.558 9.667 -0.393 0.097 0.242 
25.439 9.932 -0.350 0.092 0.243 
25.318 10.215 -0.336 0.092 0.244 
25.214 10.450 -0.309 0.098 0.245 
25.143 10.640 -0.255 0.096 0.246 
25.083 10.832 -0.226 0.098 0.247 
25.056 10.973 -0.169 0.098 0.248 
25.042 11.100 -0.091 0.099 0.249 
25.037 11.229 -0.049 0.094 0.248 
25.062 11.315 0.037 0.095 0.249 
25.103 11.368 0.115 0.096 0.249 
25.173 11.374 0.200 0.100 0.249 
25.265 11.341 0.279 0.100 0.250 
25.402 11.257 0.359 0.100 0.249 
25.562 11.116 0.484 0.099 0.248 
25.762 10.966 0.594 0.095 0.246 
25.960 10.789 0.703 0.100 0.247 
26.204 10.552 0.825 0.100 0.245 
26.478 10.295 0.967 0.099 0.244 
26.752 10.007 1.101 0.099 0.242 
27.067 9.661 1.251 0.093 0.239 
27.381 9.323 1.392 0.093 0.237 
27.687 8.996 1.522 0.093 0.235 
27.988 8.673 1.632 0.091 0.234 
28.286 8.348 1.721 0.092 0.233 
28.583 7.997 1.786 0.092 0.231 
28.878 7.618 1.821 0.091 0.229 
29.144 7.235 1.828 0.093 0.227 
29.413 6.855 1.802 0.093 0.226 
29.695 6.461 1.759 0.093 0.224 
29.966 6.064 1.713 0.093 0.221 
30.234 5.691 1.669 0.092 0.220 
30.465 5.371 1.623 0.093 0.217 
30.656 5.111 1.517 0.093 0.216 
30.798 4.873 1.395 0.088 0.214 
30.902 4.688 1.238 0.090 0.214 
30.960 4.549 1.043 0.091 0.213 
30.988 4.469 0.851 0.092 0.213 
30.962 4.469 0.640 0.098 0.214 
30.918 4.497 0.456 0.093 0.213 
30.868 4.551 0.287 0.099 0.214 
30.817 4.614 0.121 0.095 0.214 
30.744 4.721 -0.017 0.101 0.215 
30.687 4.831 -0.104 0.096 0.215 
30.648 4.952 -0.175 0.100 0.216 
30.604 5.061 -0.203 0.100 0.216 
30.528 5.240 -0.264 0.098 0.216 
30.469 5.389 -0.284 0.098 0.218 
30.379 5.611 -0.337 0.099 0.219 
30.285 5.856 -0.357 0.092 0.219 
30.186 6.091 -0.371 0.096 0.220 
30.098 6.352 -0.381 0.097 0.222 
30.009 6.562 -0.386 0.095 0.222 
29.935 6.773 -0.400 0.096 0.223 
29.884 6.953 -0.381 0.095 0.223 
29.818 7.189 -0.403 0.095 0.224 
29.738 7.442 -0.421 0.096 0.225 
29.657 7.661 -0.391 0.094 0.225 
29.576 7.915 -0.406 0.095 0.227 
29.469 8.242 -0.401 0.094 0.228 
29.335 8.603 -0.403 0.096 0.230 
29.195 8.946 -0.390 0.100 0.232 
29.047 9.296 -0.378 0.100 0.234 
28.910 9.588 -0.372 0.094 0.234 
28.775 9.876 -0.353 0.094 0.235 
28.641 10.112 -0.338 0.100 0.236 
28.521 10.350 -0.315 0.095 0.236 
28.377 10.598 -0.301 0.096 0.237 
28.252 10.773 -0.269 0.095 0.237 
28.103 10.967 -0.255 0.099 0.238 
27.948 11.136 -0.265 0.095 0.238 
27.825 11.271 -0.269 0.100 0.240 
27.674 11.400 -0.278 0.096 0.239 
27.562 11.477 -0.269 0.095 0.238 
27.428 11.555 -0.272 0.094 0.238 
27.285 11.648 -0.296 0.100 0.240 
27.156 11.731 -0.313 0.098 0.241 
26.998 11.811 -0.320 0.095 0.240 
26.865 11.867 -0.330 0.094 0.240 
26.708 11.933 -0.368 0.099 0.242 
26.574 11.953 -0.393 0.098 0.242 
26.442 11.964 -0.416 0.098 0.243 
26.292 11.987 -0.451 0.097 0.242 
26.162 12.008 -0.498 0.093 0.242 
25.994 12.029 -0.533 0.092 0.241 
25.848 12.052 -0.550 0.092 0.242 
25.673 12.111 -0.572 0.097 0.243 
25.519 12.160 -0.574 0.096 0.244 
25.348 12.209 -0.580 0.096 0.244 
25.195 12.278 -0.598 0.091 0.244 
25.020 12.330 -0.601 0.091 0.244 
24.848 12.385 -0.601 0.090 0.244 
24.659 12.468 -0.620 0.097 0.245 
24.495 12.542 -0.603 0.096 0.247 
24.290 12.638 -0.618 0.091 0.246 
24.148 12.695 -0.604 0.089 0.246 
23.985 12.733 -0.607 0.090 0.246 
23.844 12.784 -0.626 0.096 0.247 
23.696 12.831 -0.625 0.097 0.248 
23.535 12.868 -0.631 0.096 0.247 
23.383 12.926 -0.625 0.094 0.249 
23.215 13.006 -0.649 0.090 0.248 
23.063 13.080 -0.648 0.089 0.249 
22.907 13.149 -0.678 0.094 0.249 
22.771 13.229 -0.657 0.094 0.249 
22.612 13.306 -0.653 0.094 0.250 
22.486 13.348 -0.648 0.093 0.250 
22.315 13.418 -0.663 0.091 0.250 
22.157 13.488 -0.682 0.094 0.251 
22.001 13.564 -0.672 0.095 0.252 
21.820 13.616 -0.664 0.094 0.251 
21.623 13.693 -0.649 0.093 0.253 
21.417 13.775 -0.635 0.090 0.252 
21.188 13.856 -0.641 0.095 0.254 
20.973 13.934 -0.607 0.094 0.255 
20.741 14.036 -0.579 0.093 0.255 
20.472 14.181 -0.551 0.094 0.255 
20.199 14.377 -0.557 0.094 0.257 
19.930 14.516 -0.540 0.094 0.258 
19.656 14.695 -0.549 0.093 0.260 
19.408 14.823 -0.560 0.094 0.259 
19.137 15.006 -0.578 0.095 0.261 
18.873 15.127 -0.577 0.093 0.261 
18.623 15.226 -0.575 0.095 0.261 
18.399 15.306 -0.610 0.098 0.262 
18.170 15.352 -0.625 0.094 0.261 
17.963 15.358 -0.645 0.096 0.260 
17.791 15.397 -0.633 0.092 0.262 
17.621 15.362 -0.659 0.097 0.262 
17.437 15.345 -0.667 0.093 0.262 
17.259 15.315 -0.679 0.095 0.261 
17.083 15.289 -0.689 0.095 0.261 
16.930 15.249 -0.706 0.095 0.262 
16.770 15.215 -0.696 0.097 0.263 
16.632 15.172 -0.717 0.098 0.263 
16.464 15.126 -0.706 0.091 0.262 
16.335 15.086 -0.716 0.092 0.262 
16.158 15.062 -0.721 0.091 0.263 
16.025 15.028 -0.742 0.092 0.263 
15.863 14.978 -0.752 0.092 0.262 
15.730 14.937 -0.761 0.093 0.262 
15.602 14.893 -0.774 0.093 0.262 
15.446 14.872 -0.777 0.092 0.264 
15.325 14.825 -0.785 0.093 0.263 
15.177 14.778 -0.767 0.096 0.264 
15.039 14.725 -0.780 0.097 0.264 
14.922 14.667 -0.759 0.091 0.263 
14.766 14.647 -0.772 0.090 0.264 
14.633 14.568 -0.783 0.092 0.262 
14.490 14.531 -0.788 0.092 0.264 
14.355 14.488 -0.796 0.092 0.263 
14.204 14.460 -0.784 0.092 0.264 
14.084 14.411 -0.773 0.093 0.265 
13.955 14.339 -0.753 0.096 0.264 
13.822 14.280 -0.735 0.091 0.264 
13.692 14.210 -0.744 0.092 0.264 
13.584 14.124 -0.757 0.093 0.263 
13.450 14.074 -0.754 0.093 0.265 
13.341 13.992 -0.745 0.097 0.265 
13.213 13.896 -0.736 0.090 0.264 
13.083 13.811 -0.743 0.092 0.264 
12.968 13.713 -0.764 0.092 0.263 
12.842 13.624 -0.742 0.096 0.265 
12.729 13.527 -0.734 0.093 0.264 
12.604 13.433 -0.744 0.091 0.263 
12.485 13.339 -0.774 0.093 0.264 
12.363 13.242 -0.786 0.094 0.263 
12.247 13.118 -0.770 0.091 0.264 
12.153 12.996 -0.793 0.091 0.264 
12.012 12.899 -0.808 0.093 0.263 
11.891 12.797 -0.799 0.095 0.264 
11.774 12.635 -0.821 0.093 0.263 
11.637 12.536 -0.840 0.093 0.262 
11.508 12.437 -0.850 0.091 0.264 
11.391 12.287 -0.883 0.097 0.263 
11.275 12.196 -0.875 0.090 0.263 
11.169 12.099 -0.892 0.093 0.263 
11.048 12.000 -0.898 0.092 0.263 
10.922 11.869 -0.888 0.090 0.263 
10.824 11.778 -0.903 0.091 0.263 
10.700 11.684 -0.914 0.092 0.263 
10.598 11.544 -0.939 0.096 0.265 
10.506 11.434 -0.933 0.091 0.263 
10.401 11.341 -0.926 0.091 0.263 
10.270 11.258 -0.931 0.090 0.264 
10.149 11.113 -0.946 0.093 0.262 
10.041 10.980 -0.923 0.090 0.262 
9.911 10.865 -0.935 0.090 0.263 
9.789 10.673 -0.923 0.091 0.261 
9.673 10.546 -0.927 0.091 0.262 
9.541 10.351 -0.952 0.096 0.262 
9.438 10.203 -0.933 0.091 0.260 
9.310 10.043 -0.926 0.091 0.262 
9.188 9.854 -0.915 0.092 0.260 
9.049 9.684 -0.880 0.094 0.261 
8.929 9.463 -0.863 0.092 0.260 
8.786 9.239 -0.848 0.089 0.259 
8.641 8.986 -0.845 0.092 0.258 
8.512 8.700 -0.825 0.093 0.259 
8.362 8.431 -0.814 0.093 0.256 
8.223 8.219 -0.804 0.093 0.258 
8.082 7.948 -0.797 0.094 0.256 
7.968 7.675 -0.786 0.094 0.255 
7.848 7.461 -0.786 0.093 0.256 
7.747 7.185 -0.771 0.095 0.255 
7.663 6.902 -0.765 0.093 0.254 
7.555 6.719 -0.758 0.093 0.255 
7.468 6.461 -0.736 0.095 0.254 
7.366 6.229 -0.703 0.094 0.254 
7.263 6.010 -0.693 0.096 0.253 
7.192 5.713 -0.688 0.094 0.253 
7.113 5.393 -0.686 0.094 0.251 
7.006 5.067 -0.673 0.094 0.250 
6.933 4.766 -0.673 0.091 0.250 
6.849 4.440 -0.663 0.089 0.249 
6.759 4.128 -0.681 0.093 0.250 
6.690 3.811 -0.702 0.094 0.248 
6.603 3.529 -0.693 0.094 0.247 
6.545 3.289 -0.672 0.092 0.247 
6.501 3.038 -0.646 0.095 0.247 
6.479 2.803 -0.568 0.093 0.245 
6.465 2.594 -0.479 0.092 0.245 
6.424 2.433 -0.343 0.096 0.245 
6.413 2.312 -0.106 0.094 0.245 
6.411 2.213 0.227 0.092 0.246 
6.417 2.100 0.633 0.088 0.246 
6.414 1.953 1.055 0.087 0.246 
6.422 1.786 1.526 0.080 0.243 
6.397 1.651 1.976 0.078 0.244 
6.401 1.505 2.433 0.077 0.244 
6.394 1.327 2.899 0.072 0.243 
6.379 1.151 3.321 0.070 0.242 
6.356 0.935 3.726 0.064 0.241 
6.329 0.704 4.099 0.064 0.242 
6.296 0.488 4.456 0.062 0.241 
