TP_TYPE 2
22.589 16.205 -18.755 0.062 0.691 
22.654 15.692 -17.212 0.041 0.687 
21.647 15.444 -17.150 0.041 0.694 
20.741 14.760 -17.261 0.056 0.696 
20.147 14.017 -17.428 0.054 0.697 
19.374 13.669 -17.933 0.062 0.699 
18.495 14.025 -18.246 0.066 0.705 
17.827 14.372 -18.363 0.062 0.709 
16.969 14.870 -18.208 0.048 0.712 
16.181 14.717 -18.866 0.064 0.717 
15.782 14.279 -18.921 0.064 0.715 
15.133 14.605 -19.486 0.074 0.720 
14.651 15.049 -19.667 0.077 0.729 
14.694 15.434 -19.237 0.063 0.729 
14.284 15.682 -19.859 0.072 0.734 
11.983 16.433 -24.092 0.175 0.770 
11.489 16.742 -24.642 0.178 0.767 
10.979 17.352 -24.449 0.166 0.769 
11.123 17.279 -23.705 0.141 0.762 
11.977 16.936 -20.467 0.078 0.749 
12.173 16.228 -19.045 0.067 0.744 
9.840 16.055 -23.340 0.167 0.772 
9.366 16.028 -23.392 0.162 0.774 
10.750 15.337 -20.336 0.072 0.741 
10.154 15.058 -20.913 0.071 0.744 
9.734 14.578 -20.582 0.069 0.744 
9.561 13.652 -20.555 0.067 0.740 
9.759 12.928 -20.499 0.065 0.736 
9.571 13.334 -20.999 0.075 0.740 
9.307 13.511 -21.272 0.079 0.740 
9.135 13.292 -20.789 0.061 0.737 
8.933 13.086 -21.417 0.071 0.741 
9.537 13.030 -20.535 0.047 0.737 
9.479 13.102 -21.676 0.072 0.743 
9.052 13.150 -22.235 0.086 0.750 
8.500 13.356 -21.411 0.071 0.750 
8.424 14.481 -19.607 0.002 0.764 
8.141 13.912 -22.989 0.084 0.761 
8.442 13.977 -24.421 0.094 0.755 
8.600 13.932 -25.356 0.096 0.754 
9.146 13.340 -25.646 0.094 0.748 
9.731 12.572 -25.520 0.094 0.746 
9.959 12.189 -25.390 0.099 0.743 
10.503 12.056 -24.535 0.091 0.739 
11.179 11.976 -23.174 0.080 0.738 
11.817 11.381 -22.993 0.088 0.731 
12.626 11.205 -22.279 0.073 0.724 
13.607 10.541 -22.132 0.080 0.720 
13.932 10.370 -22.514 0.084 0.717 
14.013 10.747 -22.433 0.077 0.718 
13.949 11.036 -22.905 0.079 0.720 
13.943 11.209 -23.573 0.092 0.721 
13.866 11.718 -23.398 0.083 0.723 
14.040 11.708 -23.677 0.090 0.723 
14.138 11.941 -23.417 0.080 0.725 
14.329 11.766 -23.947 0.088 0.724 
14.829 11.300 -24.438 0.093 0.717 
15.109 11.328 -24.891 0.095 0.718 
15.705 10.906 -25.471 0.098 0.711 
16.132 10.944 -25.219 0.087 0.708 
15.913 11.061 -25.739 0.097 0.708 
15.895 11.186 -25.891 0.099 0.708 
15.846 11.355 -26.105 0.102 0.712 
16.349 11.450 -25.433 0.087 0.707 
16.280 11.581 -26.165 0.103 0.709 
16.606 11.823 -25.923 0.092 0.706 
16.580 11.985 -26.533 0.104 0.710 
16.882 12.121 -26.263 0.092 0.707 
16.531 12.258 -27.183 0.110 0.710 
16.704 12.282 -27.118 0.105 0.708 
16.887 12.259 -27.023 0.100 0.706 
16.990 12.367 -27.118 0.096 0.705 
16.851 12.428 -27.517 0.111 0.707 
16.969 12.324 -27.404 0.109 0.706 
16.988 12.153 -27.708 0.117 0.706 
17.216 12.054 -27.626 0.113 0.702 
17.322 11.977 -27.786 0.117 0.701 
17.574 12.131 -26.755 0.094 0.701 
17.545 11.466 -27.105 0.112 0.698 
17.734 10.958 -25.921 0.094 0.694 
17.697 9.832 -24.776 0.094 0.691 
17.503 8.349 -23.707 0.091 0.684 
16.698 7.615 -23.043 0.090 0.687 
16.905 7.151 -21.985 0.070 0.682 
17.215 6.838 -21.757 0.075 0.683 
17.556 6.885 -21.134 0.072 0.682 
17.348 6.861 -21.024 0.086 0.686 
15.642 7.680 -19.904 0.078 0.696 
14.237 7.920 -15.542 -0.028 0.681 
10.007 8.736 -20.486 0.078 0.713 
7.189 9.712 -21.659 0.094 0.725 
5.875 10.308 -21.459 0.077 0.728 
5.042 10.773 -21.781 0.080 0.736 
5.491 10.327 -21.513 0.085 0.729 
6.372 10.305 -19.673 0.070 0.728 
7.804 9.675 -18.002 0.068 0.721 
9.526 8.847 -17.017 0.055 0.712 
11.875 7.527 -17.817 0.064 0.701 
14.409 6.549 -18.562 0.071 0.691 
16.672 6.041 -18.708 0.073 0.685 
18.092 6.305 -19.120 0.061 0.686 
18.671 6.684 -19.880 0.067 0.692 
18.587 6.898 -21.003 0.078 0.694 
18.631 7.055 -20.996 0.073 0.693 
18.269 7.310 -21.637 0.085 0.697 
18.996 7.575 -19.296 0.016 0.685 
18.595 7.577 -22.172 0.082 0.696 
19.846 7.523 -19.095 -0.007 0.675 
20.114 7.545 -19.065 -0.024 0.672 
18.686 8.052 -24.059 0.100 0.703 
19.195 7.833 -24.234 0.091 0.691 
19.660 7.509 -24.158 0.084 0.687 
19.901 7.126 -24.595 0.092 0.684 
20.082 7.026 -24.534 0.091 0.683 
20.024 7.150 -24.648 0.090 0.683 
20.224 7.059 -24.417 0.085 0.683 
20.244 6.889 -24.770 0.094 0.681 
20.153 7.199 -24.936 0.098 0.688 
20.525 7.194 -24.523 0.088 0.682 
20.546 7.372 -25.127 0.103 0.685 
20.744 7.891 -24.783 0.092 0.688 
20.823 8.218 -24.930 0.092 0.690 
21.055 8.246 -24.881 0.090 0.688 
20.908 8.302 -25.314 0.099 0.691 
20.753 8.303 -25.423 0.103 0.692 
20.832 8.166 -24.886 0.090 0.689 
20.959 7.661 -24.524 0.089 0.684 
20.742 7.101 -24.011 0.090 0.681 
20.200 6.182 -23.139 0.088 0.678 
20.403 4.995 -17.622 -0.034 0.656 
17.884 5.365 -20.419 0.053 0.689 
16.691 4.462 -20.500 0.077 0.682 
15.567 4.157 -19.349 0.055 0.681 
14.124 4.026 -19.043 0.062 0.683 
13.632 3.796 -17.744 0.049 0.681 
13.316 4.025 -16.346 0.054 0.683 
13.022 4.938 -14.317 0.037 0.690 
12.781 5.417 -13.528 0.038 0.692 
12.710 5.879 -13.111 0.039 0.694 
12.862 6.524 -12.015 0.029 0.697 
13.467 6.791 -11.768 0.022 0.690 
14.198 7.258 -14.057 0.042 0.694 
16.401 6.861 -15.528 0.044 0.689 
18.876 6.725 -15.957 0.021 0.679 
20.397 7.002 -17.865 0.059 0.689 
22.018 7.226 -18.539 0.060 0.687 
23.206 7.298 -19.147 0.061 0.687 
23.911 7.289 -19.168 0.055 0.684 
23.981 7.271 -19.766 0.059 0.684 
23.929 7.093 -20.768 0.075 0.685 
22.497 7.071 -25.315 0.192 0.713 
22.764 6.861 -25.753 0.200 0.713 
23.451 6.497 -25.771 0.195 0.708 
25.816 6.243 -20.982 0.071 0.677 
23.955 4.626 -27.723 0.267 0.691 
26.665 5.719 -20.561 0.065 0.671 
26.628 6.019 -20.942 0.068 0.674 
26.704 6.176 -21.211 0.070 0.673 
26.880 6.384 -20.938 0.060 0.673 
26.897 6.624 -21.172 0.068 0.673 
26.446 7.068 -21.839 0.087 0.684 
26.637 7.112 -21.242 0.066 0.681 
26.575 7.020 -21.637 0.072 0.678 
26.918 6.913 -21.889 0.069 0.667 
26.923 6.965 -22.224 0.073 0.670 
27.083 7.106 -21.672 0.058 0.670 
26.905 6.932 -22.361 0.077 0.670 
26.855 6.873 -22.165 0.074 0.670 
26.684 6.712 -22.337 0.082 0.671 
26.815 6.729 -21.718 0.067 0.670 
26.880 6.564 -21.789 0.073 0.669 
26.872 6.373 -21.449 0.072 0.665 
26.470 6.058 -20.616 0.071 0.663 
25.488 5.877 -18.921 0.060 0.674 
25.562 4.954 -15.091 0.003 0.658 
24.673 4.582 -14.956 0.035 0.668 
24.575 4.235 -13.599 0.021 0.663 
24.446 4.543 -13.143 0.027 0.666 
24.518 5.240 -13.153 0.036 0.670 
24.955 6.152 -11.633 0.010 0.672 
24.816 6.770 -11.679 0.032 0.676 
24.021 7.622 -10.419 0.008 0.683 
22.528 7.258 -9.951 0.002 0.685 
19.705 6.427 -10.510 0.019 0.694 
15.915 5.532 -11.001 0.023 0.705 
13.177 3.201 -11.513 0.039 0.704 
11.283 1.778 -12.017 0.027 0.704 
10.615 1.251 -12.929 0.031 0.704 
11.065 2.122 -13.322 0.018 0.704 
12.071 4.060 -13.848 0.026 0.708 
13.464 6.919 -13.131 0.022 0.713 
14.428 10.349 -13.579 0.033 0.724 
15.314 13.509 -14.612 0.041 0.733 
16.253 15.787 -15.666 0.053 0.739 
17.757 16.717 -15.344 0.041 0.729 
18.382 17.090 -15.928 0.045 0.733 
19.072 16.480 -16.147 0.033 0.729 
19.521 15.712 -16.733 0.044 0.726 
19.843 15.309 -17.033 0.052 0.724 
20.092 15.654 -17.016 0.042 0.724 
20.381 16.105 -17.163 0.050 0.726 
20.661 16.734 -17.249 0.054 0.729 
21.090 17.425 -16.617 0.042 0.729 
21.345 18.086 -16.528 0.036 0.731 
21.828 18.241 -16.937 0.040 0.730 
22.230 18.287 -17.436 0.044 0.733 
22.667 18.013 -17.762 0.050 0.729 
22.893 17.848 -18.360 0.056 0.729 
23.178 17.672 -18.217 0.051 0.726 
23.267 17.753 -18.143 0.047 0.727 
23.397 17.494 -18.560 0.057 0.725 
23.578 17.271 -19.144 0.069 0.725 
24.040 17.342 -18.617 0.055 0.725 
24.569 17.112 -18.693 0.065 0.723 
25.225 17.552 -17.485 0.036 0.724 
25.596 17.589 -18.134 0.058 0.723 
25.813 18.069 -18.029 0.061 0.728 
25.947 18.472 -17.917 0.060 0.731 
26.273 18.622 -17.654 0.046 0.730 
26.529 18.725 -17.601 0.043 0.730 
26.684 18.739 -18.261 0.057 0.730 
26.941 18.937 -18.601 0.060 0.733 
27.415 19.114 -18.464 0.057 0.735 
27.927 19.355 -18.219 0.051 0.734 
28.396 19.769 -17.908 0.044 0.737 
28.717 19.807 -18.151 0.057 0.736 
29.058 19.837 -18.407 0.060 0.736 
29.086 20.063 -18.244 0.052 0.739 
29.071 20.103 -18.405 0.054 0.740 
29.148 20.302 -17.800 0.038 0.742 
29.095 20.283 -17.973 0.042 0.744 
29.138 20.274 -17.877 0.041 0.743 
29.135 20.184 -18.165 0.048 0.743 
29.237 19.990 -18.391 0.055 0.741 
29.386 19.820 -18.366 0.055 0.738 
29.374 19.747 -18.408 0.060 0.737 
29.268 19.688 -18.381 0.062 0.739 
29.192 19.702 -17.122 0.036 0.738 
28.705 19.536 -17.204 0.046 0.737 
28.024 19.490 -16.579 0.045 0.739 
27.069 19.493 -15.565 0.035 0.747 
26.777 18.670 -14.009 0.022 0.743 
26.543 17.128 -12.432 0.037 0.747 
26.815 15.549 -9.744 0.013 0.739 
26.487 14.555 -8.578 0.003 0.734 
25.486 15.071 -9.070 0.005 0.743 
24.385 16.420 -9.040 0.002 0.751 
23.702 17.873 -9.412 -0.001 0.760 
22.572 19.415 -11.552 0.019 0.770 
22.557 20.478 -11.252 -0.020 0.767 
21.452 21.541 -14.469 0.029 0.784 
21.439 21.599 -15.750 0.043 0.781 
21.518 21.172 -16.273 0.047 0.781 
21.355 20.901 -16.838 0.052 0.782 
21.358 20.713 -16.636 0.043 0.779 
21.146 20.630 -16.927 0.045 0.783 
21.055 20.485 -17.385 0.053 0.784 
20.904 20.575 -17.606 0.056 0.787 
20.640 21.033 -17.707 0.054 0.788 
20.374 21.696 -17.652 0.052 0.795 
19.986 22.471 -17.373 0.046 0.804 
19.397 23.244 -17.271 0.040 0.817 
19.284 23.079 -17.397 0.040 0.822 
19.283 22.541 -17.803 0.044 0.827 
19.350 21.828 -18.375 0.051 0.831 
18.973 21.506 -18.417 0.051 0.840 
18.610 21.064 -18.886 0.054 0.841 
18.069 21.323 -18.921 0.053 0.851 
18.090 21.511 -18.255 0.049 0.855 
17.896 21.885 -17.805 0.050 0.857 
17.740 22.470 -17.291 0.042 0.864 
17.434 22.854 -17.331 0.052 0.873 
17.122 22.878 -16.816 0.047 0.881 
16.882 22.384 -16.435 0.037 0.890 
17.027 20.960 -16.469 0.035 0.896 
17.341 19.236 -16.331 0.025 0.901 
16.453 18.203 -16.733 0.035 0.924 
15.119 18.059 -17.882 0.054 0.935 
12.930 16.184 -24.269 0.243 0.943 
13.738 20.174 -12.997 -0.082 0.935 
11.607 17.000 -26.367 0.296 0.935 
12.005 16.630 -26.967 0.313 0.925 
12.575 16.455 -26.761 0.308 0.926 
13.859 20.142 -18.417 0.049 0.947 
13.626 15.680 -25.606 0.278 0.932 
14.577 15.192 -25.126 0.262 0.928 
14.882 15.247 -24.752 0.249 0.929 
15.095 15.290 -24.833 0.252 0.924 
15.413 14.653 -26.182 0.281 0.910 
15.240 14.714 -26.373 0.282 0.924 
15.822 13.726 -27.806 0.310 0.903 
16.644 18.039 -20.349 0.057 0.928 
17.109 17.705 -20.883 0.066 0.924 
17.588 17.598 -20.616 0.065 0.921 
17.439 17.976 -20.103 0.054 0.922 
17.109 18.366 -20.114 0.058 0.925 
17.323 18.437 -19.809 0.051 0.923 
17.215 18.694 -19.976 0.058 0.927 
17.347 19.006 -19.813 0.051 0.926 
17.639 19.355 -19.444 0.042 0.925 
17.491 19.575 -20.330 0.064 0.929 
17.725 19.858 -20.436 0.066 0.927 
18.168 20.334 -20.050 0.052 0.926 
18.297 20.421 -21.008 0.073 0.926 
18.535 20.304 -21.207 0.075 0.925 
18.849 20.323 -20.401 0.057 0.924 
18.977 20.196 -20.678 0.064 0.922 
19.166 20.210 -20.621 0.068 0.922 
19.580 20.351 -20.265 0.061 0.920 
19.200 16.265 -27.997 0.306 0.890 
19.510 16.091 -28.164 0.307 0.883 
20.340 20.505 -19.811 0.047 0.917 
20.268 20.530 -20.511 0.069 0.916 
20.470 20.795 -20.463 0.061 0.913 
20.909 20.659 -20.861 0.072 0.912 
21.694 20.757 -19.780 0.042 0.909 
21.893 20.590 -20.789 0.067 0.907 
22.251 20.605 -21.125 0.064 0.905 
22.529 20.662 -21.571 0.074 0.904 
22.625 21.121 -21.346 0.068 0.903 
22.603 21.774 -20.500 0.045 0.904 
22.688 21.885 -21.097 0.060 0.901 
22.980 21.908 -21.576 0.078 0.898 
23.370 22.239 -21.141 0.068 0.898 
23.992 22.426 -20.224 0.049 0.894 
24.171 22.575 -20.524 0.054 0.894 
24.050 22.691 -21.405 0.079 0.898 
24.277 22.823 -21.003 0.063 0.894 
24.268 22.670 -21.274 0.073 0.893 
24.188 22.343 -20.317 0.060 0.890 
23.587 21.675 -19.345 0.048 0.890 
22.470 20.397 -19.322 0.054 0.890 
22.319 19.495 -12.772 -0.118 0.867 
19.784 18.909 -18.643 0.042 0.893 
18.833 17.385 -20.721 0.109 0.884 
18.263 17.125 -19.772 0.094 0.882 
17.166 17.245 -19.443 0.097 0.889 
16.518 17.613 -18.128 0.078 0.893 
15.898 17.649 -17.973 0.076 0.898 
15.405 17.222 -19.042 0.088 0.899 
15.003 16.334 -20.883 0.121 0.897 
14.900 16.056 -21.501 0.112 0.898 
14.991 15.768 -22.282 0.126 0.899 
15.239 15.691 -22.760 0.130 0.896 
16.619 17.085 -16.019 -0.065 0.885 
16.978 16.931 -15.639 -0.076 0.878 
16.757 17.164 -15.354 -0.090 0.880 
15.608 16.932 -21.323 0.058 0.906 
17.241 16.707 -12.598 -0.179 0.866 
17.538 16.328 -12.188 -0.199 0.859 
15.534 16.421 -23.077 0.083 0.906 
15.602 16.523 -23.809 0.091 0.908 
15.753 16.752 -23.728 0.088 0.909 
16.110 16.667 -23.448 0.081 0.905 
16.043 16.803 -23.448 0.081 0.905 
16.053 17.014 -22.818 0.068 0.903 
16.176 17.041 -23.109 0.077 0.906 
16.693 17.006 -22.688 0.066 0.901 
17.059 17.247 -22.505 0.060 0.900 
17.395 17.348 -22.784 0.068 0.897 
17.314 17.401 -23.737 0.083 0.895 
17.043 17.828 -24.068 0.087 0.903 
17.317 17.680 -24.237 0.090 0.898 
17.538 17.651 -24.166 0.088 0.893 
17.576 17.710 -24.311 0.087 0.893 
17.808 17.924 -24.049 0.078 0.893 
17.780 17.865 -24.860 0.098 0.896 
18.071 17.791 -24.655 0.091 0.892 
18.437 17.763 -23.895 0.074 0.886 
18.655 17.469 -23.227 0.070 0.887 
20.507 16.457 -12.397 -0.188 0.842 
18.299 15.344 -20.536 0.057 0.880 
17.783 13.290 -20.653 0.075 0.871 
16.777 12.471 -20.089 0.058 0.871 
15.618 11.564 -20.228 0.064 0.871 
14.374 11.261 -20.878 0.080 0.876 
14.168 10.968 -20.666 0.069 0.871 
13.811 11.218 -21.297 0.084 0.876 
13.796 11.434 -22.016 0.094 0.871 
13.324 12.883 -21.154 0.059 0.883 
14.041 13.474 -17.373 -0.053 0.869 
13.133 12.790 -23.070 0.097 0.880 
12.892 13.394 -22.279 0.066 0.887 
13.063 12.486 -23.856 0.102 0.878 
13.625 12.550 -23.091 0.075 0.879 
14.299 11.555 -24.487 0.117 0.871 
14.776 11.416 -24.674 0.120 0.867 
15.122 11.681 -24.181 0.102 0.868 
14.965 12.505 -23.442 0.070 0.875 
16.087 12.748 -19.610 -0.045 0.856 
16.441 12.949 -18.205 -0.088 0.849 
16.562 13.519 -15.647 -0.169 0.847 
16.885 13.633 -15.902 -0.159 0.846 
15.730 13.352 -25.068 0.091 0.875 
16.295 13.302 -24.341 0.077 0.868 
17.620 13.597 -19.849 -0.036 0.853 
17.205 13.295 -23.699 0.073 0.866 
17.526 13.359 -23.750 0.074 0.868 
18.811 13.523 -19.488 -0.042 0.847 
19.091 13.669 -19.336 -0.050 0.846 
19.528 13.706 -18.479 -0.078 0.840 
19.660 14.081 -16.821 -0.130 0.839 
20.050 13.903 -15.530 -0.165 0.833 
19.861 13.843 -18.778 -0.078 0.841 
20.045 13.676 -18.269 -0.091 0.837 
19.864 13.685 -19.134 -0.069 0.839 
20.061 13.680 -17.598 -0.107 0.836 
20.198 13.562 -15.511 -0.162 0.828 
20.127 13.583 -15.433 -0.164 0.829 
20.040 13.693 -15.591 -0.156 0.831 
20.218 13.464 -14.731 -0.173 0.827 
19.944 13.216 -17.573 -0.082 0.835 
18.644 11.954 -23.161 0.096 0.845 
17.945 11.851 -20.278 0.053 0.852 
16.911 10.621 -19.769 0.061 0.850 
15.794 10.203 -17.642 0.029 0.851 
14.154 9.276 -18.065 0.059 0.852 
12.471 8.665 -16.958 0.056 0.856 
11.235 7.706 -15.476 0.053 0.856 
10.752 6.700 -13.080 0.047 0.854 
9.934 6.206 -12.352 0.070 0.883 
12.227 5.203 -12.382 0.046 0.847 
13.167 5.272 -13.492 0.045 0.846 
14.086 6.004 -14.117 0.036 0.845 
14.434 7.498 -13.938 0.021 0.854 
15.070 8.039 -15.414 0.051 0.851 
15.507 8.945 -15.711 0.050 0.851 
15.764 9.520 -16.193 0.062 0.852 
16.589 9.783 -14.673 0.031 0.848 
16.965 9.522 -15.169 0.044 0.846 
17.436 9.023 -14.887 0.038 0.845 
17.944 8.635 -14.025 0.015 0.842 
18.298 7.814 -14.744 0.038 0.839 
18.635 7.306 -15.215 0.052 0.834 
18.676 7.906 -14.224 0.026 0.840 
18.936 8.074 -13.475 0.008 0.839 
19.195 7.862 -13.557 0.014 0.837 
19.289 7.691 -13.579 0.018 0.837 
19.475 7.623 -12.700 -0.003 0.835 
19.465 7.497 -12.713 -0.002 0.835 
19.556 7.284 -12.880 0.004 0.834 
19.739 7.022 -12.998 0.012 0.833 
19.878 6.948 -12.730 0.005 0.832 
19.970 6.844 -12.637 0.004 0.833 
20.082 6.553 -13.038 0.017 0.832 
20.193 6.559 -12.420 0.002 0.832 
20.231 6.426 -12.806 0.012 0.831 
20.440 6.423 -12.157 -0.003 0.828 
20.508 6.338 -12.397 0.004 0.827 
20.547 6.276 -12.277 0.004 0.827 
20.485 6.278 -12.310 0.005 0.829 
20.613 6.212 -11.674 -0.007 0.825 
20.513 6.223 -11.738 -0.005 0.826 
20.368 6.261 -11.663 -0.005 0.828 
20.393 6.197 -11.441 -0.007 0.827 
20.324 6.185 -11.491 -0.005 0.828 
20.420 6.102 -11.259 -0.009 0.827 
20.495 6.000 -11.406 -0.003 0.825 
20.663 5.940 -11.149 -0.009 0.823 
20.680 5.896 -11.219 -0.006 0.823 
20.788 5.770 -11.064 -0.009 0.821 
20.993 5.564 -10.776 -0.012 0.820 
20.879 5.488 -11.447 0.008 0.822 
20.782 5.587 -11.423 0.009 0.823 
20.936 5.503 -11.262 0.004 0.821 
20.994 5.594 -10.738 -0.006 0.823 
20.914 5.594 -10.848 -0.003 0.822 
20.701 5.488 -11.433 0.013 0.822 
20.718 5.414 -10.604 -0.004 0.819 
20.500 5.282 -11.006 0.006 0.820 
20.408 5.367 -10.117 -0.015 0.819 
20.202 5.307 -10.593 -0.002 0.820 
20.111 5.299 -10.470 -0.002 0.820 
20.102 5.408 -9.881 -0.015 0.821 
20.183 5.242 -9.919 -0.012 0.819 
20.306 5.128 -9.790 -0.011 0.817 
20.338 5.136 -9.649 -0.015 0.818 
20.237 5.161 -9.842 -0.010 0.818 
20.090 5.259 -9.853 -0.008 0.821 
20.135 5.216 -9.397 -0.018 0.820 
20.144 5.159 -9.295 -0.022 0.819 
19.848 5.231 -9.675 -0.010 0.823 
19.851 5.131 -9.563 -0.009 0.822 
19.838 4.969 -9.682 -0.008 0.818 
19.686 5.030 -9.879 -0.000 0.821 
19.796 4.942 -9.205 -0.016 0.820 
19.734 4.912 -9.266 -0.014 0.820 
19.709 4.878 -9.246 -0.015 0.820 
19.681 4.769 -9.323 -0.010 0.819 
19.633 4.706 -9.237 -0.011 0.820 
19.562 4.560 -9.734 0.001 0.819 
19.610 4.535 -9.426 -0.003 0.818 
19.507 4.557 -9.747 0.003 0.820 
19.374 4.646 -9.393 -0.003 0.823 
19.369 4.701 -9.115 -0.009 0.821 
19.366 4.742 -9.110 -0.009 0.822 
19.605 4.768 -8.212 -0.031 0.821 
19.614 4.696 -8.695 -0.018 0.821 
19.672 4.572 -9.084 -0.007 0.820 
19.875 4.418 -8.938 -0.012 0.820 
20.128 4.379 -8.362 -0.027 0.819 
20.255 4.298 -8.655 -0.020 0.818 
20.326 4.229 -9.348 -0.003 0.819 
20.382 4.193 -9.539 0.000 0.816 
20.468 4.208 -9.421 -0.002 0.815 
20.445 4.377 -9.080 -0.013 0.819 
20.431 4.444 -9.064 -0.013 0.819 
20.391 4.632 -8.842 -0.019 0.819 
20.254 4.821 -8.702 -0.022 0.822 
20.209 4.823 -8.830 -0.019 0.820 
20.188 4.802 -8.991 -0.017 0.821 
20.219 4.832 -8.804 -0.021 0.822 
20.368 4.695 -9.059 -0.015 0.820 
20.540 4.631 -8.926 -0.018 0.818 
20.595 4.661 -9.134 -0.011 0.821 
20.717 4.818 -9.040 -0.017 0.822 
20.914 4.804 -8.999 -0.021 0.822 
21.115 4.670 -9.438 -0.008 0.819 
21.099 4.738 -9.780 -0.001 0.822 
21.155 4.715 -9.662 -0.005 0.822 
21.122 4.655 -9.449 -0.006 0.820 
21.050 4.764 -8.409 -0.035 0.820 
20.861 4.753 -8.877 -0.022 0.823 
20.830 4.722 -8.987 -0.019 0.822 
20.857 4.759 -8.852 -0.021 0.823 
20.844 4.770 -8.855 -0.022 0.823 
20.889 4.568 -9.245 -0.012 0.819 
20.938 4.527 -9.107 -0.016 0.820 
21.054 4.354 -9.390 -0.009 0.818 
21.109 4.333 -9.484 -0.008 0.819 
21.289 4.156 -9.720 -0.002 0.816 
21.579 4.040 -9.232 -0.015 0.815 
21.546 4.199 -9.188 -0.017 0.819 
21.694 4.115 -9.069 -0.022 0.817 
21.759 4.028 -9.055 -0.021 0.816 
21.721 3.769 -9.784 -0.003 0.812 
21.731 3.748 -9.476 -0.010 0.814 
21.816 3.692 -8.814 -0.026 0.812 
21.889 3.533 -8.721 -0.024 0.813 
21.804 3.481 -8.833 -0.023 0.812 
21.747 3.509 -8.842 -0.021 0.813 
21.785 3.535 -8.656 -0.026 0.812 
21.735 3.538 -8.895 -0.022 0.813 
21.740 3.541 -8.875 -0.022 0.813 
21.803 3.491 -8.836 -0.023 0.812 
22.005 3.267 -8.787 -0.023 0.811 
22.004 3.047 -9.027 -0.014 0.809 
22.009 2.968 -9.031 -0.013 0.809 
22.209 2.876 -8.314 -0.031 0.807 
22.190 2.766 -8.815 -0.016 0.809 
22.315 2.722 -8.678 -0.019 0.807 
22.343 2.939 -8.455 -0.027 0.810 
22.456 2.927 -8.399 -0.029 0.809 
22.416 2.974 -8.454 -0.028 0.809 
22.351 3.029 -8.237 -0.035 0.811 
22.295 2.993 -8.371 -0.031 0.812 
22.355 2.765 -8.671 -0.026 0.808 
22.309 2.820 -9.046 -0.015 0.808 
22.311 3.038 -8.702 -0.026 0.810 
22.332 3.109 -8.479 -0.032 0.811 
22.310 2.984 -8.712 -0.024 0.810 
22.202 2.841 -9.115 -0.014 0.809 
22.147 2.762 -9.398 -0.006 0.808 
22.087 2.857 -9.595 -0.003 0.811 
22.264 2.764 -9.351 -0.008 0.806 
22.111 2.836 -9.885 0.004 0.809 
22.118 2.863 -9.893 0.003 0.809 
22.158 2.912 -9.924 0.001 0.808 
21.960 3.339 -9.593 -0.012 0.811 
21.604 3.805 -9.809 -0.015 0.816 
21.218 4.310 -10.231 -0.023 0.820 
20.450 5.145 -12.573 -0.006 0.827 
19.858 5.893 -15.091 0.022 0.833 
19.430 6.719 -16.025 0.026 0.837 
19.090 7.269 -16.794 0.032 0.840 
18.657 7.526 -17.407 0.045 0.843 
18.206 8.058 -16.968 0.031 0.847 
17.521 8.701 -16.930 0.034 0.853 
17.079 9.356 -16.410 0.027 0.855 
16.469 10.182 -16.207 0.031 0.861 
16.017 11.121 -16.070 0.029 0.865 
15.368 12.224 -16.249 0.029 0.873 
15.504 12.636 -15.912 0.012 0.873 
15.592 11.990 -17.745 0.065 0.870 
15.538 12.065 -17.549 0.060 0.870 
15.444 11.893 -17.480 0.063 0.867 
15.463 12.484 -15.952 0.017 0.872 
15.480 12.409 -16.499 0.034 0.875 
15.880 12.407 -16.037 0.022 0.870 
16.248 12.343 -15.904 0.025 0.871 
16.740 12.034 -16.092 0.033 0.870 
17.002 12.020 -15.838 0.025 0.868 
16.957 12.148 -16.352 0.032 0.869 
17.403 12.059 -16.066 0.021 0.865 
17.733 11.901 -16.611 0.030 0.862 
17.674 12.212 -16.913 0.037 0.868 
17.717 12.415 -16.278 0.022 0.866 
17.168 12.757 -16.671 0.031 0.872 
16.895 12.802 -16.618 0.033 0.874 
16.764 13.014 -16.395 0.028 0.877 
16.674 13.261 -16.784 0.039 0.881 
17.091 13.488 -16.112 0.029 0.878 
17.504 13.959 -15.399 0.014 0.877 
17.682 14.379 -16.094 0.031 0.878 
17.834 14.929 -16.092 0.025 0.879 
17.901 15.230 -16.147 0.022 0.882 
17.917 15.043 -16.959 0.037 0.879 
17.984 14.977 -17.057 0.036 0.878 
17.936 15.063 -17.460 0.042 0.879 
17.980 15.320 -17.423 0.038 0.884 
18.364 15.266 -17.606 0.042 0.880 
18.710 15.446 -17.260 0.037 0.877 
18.664 15.824 -17.613 0.042 0.881 
19.064 16.017 -17.440 0.033 0.880 
19.718 15.594 -18.242 0.057 0.873 
20.024 15.926 -17.810 0.040 0.875 
20.166 15.831 -18.104 0.046 0.874 
20.331 15.751 -17.884 0.039 0.872 
20.481 15.462 -17.993 0.045 0.871 
20.568 15.369 -17.900 0.044 0.869 
20.537 15.593 -17.488 0.035 0.869 
20.541 15.371 -17.939 0.051 0.866 
20.473 15.286 -18.332 0.062 0.864 
20.165 15.885 -17.485 0.037 0.871 
20.132 15.637 -17.958 0.050 0.868 
20.071 15.486 -18.629 0.065 0.870 
20.113 15.857 -17.957 0.043 0.871 
20.178 15.623 -18.782 0.061 0.867 
20.062 15.837 -18.869 0.060 0.868 
20.102 15.864 -18.847 0.058 0.869 
20.324 15.603 -18.440 0.048 0.861 
20.175 15.385 -18.793 0.057 0.861 
20.032 15.518 -18.442 0.049 0.862 
19.846 15.434 -18.777 0.061 0.862 
19.778 15.471 -18.890 0.065 0.863 
19.858 15.560 -18.925 0.065 0.862 
20.106 15.872 -18.413 0.046 0.861 
20.201 15.895 -18.905 0.056 0.864 
20.388 15.764 -19.221 0.063 0.865 
20.404 15.679 -18.939 0.054 0.865 
20.350 15.470 -19.049 0.054 0.862 
20.152 15.361 -19.402 0.067 0.861 
19.813 15.830 -19.021 0.056 0.865 
20.010 15.857 -19.104 0.058 0.860 
19.981 16.089 -19.191 0.063 0.863 
20.160 16.355 -18.705 0.042 0.863 
20.242 16.490 -18.867 0.047 0.862 
20.280 16.901 -18.985 0.048 0.862 
20.374 17.594 -18.947 0.050 0.864 
20.459 18.334 -18.760 0.056 0.865 
20.341 19.266 -18.253 0.048 0.868 
20.148 19.875 -17.676 0.046 0.867 
20.110 19.802 -17.771 0.051 0.866 
20.015 19.650 -18.039 0.056 0.869 
20.220 19.613 -17.999 0.049 0.866 
20.573 19.779 -18.393 0.052 0.868 
21.146 19.996 -18.469 0.055 0.868 
21.508 20.277 -18.496 0.058 0.868 
21.842 20.528 -18.186 0.047 0.868 
21.904 20.538 -18.045 0.044 0.869 
22.157 20.272 -17.504 0.032 0.865 
22.059 19.912 -17.890 0.048 0.865 
22.001 19.807 -17.553 0.040 0.863 
21.775 19.673 -18.039 0.055 0.864 
21.677 19.813 -17.288 0.036 0.864 
21.434 19.614 -18.124 0.058 0.862 
21.377 19.686 -17.740 0.045 0.863 
21.468 19.571 -17.586 0.041 0.862 
21.802 19.381 -17.234 0.030 0.857 
21.828 19.077 -18.138 0.052 0.855 
21.835 18.957 -18.105 0.049 0.857 
21.953 18.614 -17.829 0.044 0.852 
21.985 18.467 -17.397 0.036 0.851 
21.792 18.279 -18.027 0.054 0.853 
21.851 18.182 -17.619 0.046 0.852 
21.846 17.972 -17.969 0.059 0.850 
21.919 18.054 -17.629 0.050 0.853 
22.259 17.693 -17.744 0.055 0.847 
22.620 17.742 -16.800 0.031 0.845 
22.704 17.474 -17.506 0.048 0.845 
22.859 17.437 -17.004 0.038 0.844 
22.676 17.324 -17.948 0.061 0.845 
22.750 17.635 -16.894 0.034 0.846 
22.866 17.436 -16.812 0.036 0.844 
22.743 17.597 -16.649 0.033 0.848 
22.779 17.367 -16.783 0.045 0.848 
22.987 17.157 -16.181 0.031 0.842 
23.033 17.041 -16.280 0.034 0.843 
23.115 16.975 -16.020 0.028 0.843 
23.131 16.921 -16.127 0.029 0.845 
23.406 16.547 -16.410 0.036 0.842 
23.480 16.448 -16.590 0.038 0.841 
23.451 16.506 -16.441 0.033 0.846 
23.661 16.066 -16.744 0.042 0.841 
23.884 15.887 -15.986 0.023 0.839 
23.864 15.576 -16.235 0.029 0.842 
24.008 15.197 -16.012 0.024 0.840 
24.022 14.944 -16.185 0.029 0.841 
24.137 14.696 -16.599 0.037 0.838 
24.169 14.607 -16.959 0.045 0.838 
24.256 14.652 -16.750 0.038 0.838 
24.247 14.676 -16.559 0.028 0.838 
24.233 14.560 -16.646 0.028 0.838 
24.196 14.223 -17.364 0.047 0.835 
24.231 14.188 -16.799 0.034 0.834 
24.164 14.071 -16.794 0.034 0.834 
24.079 13.785 -16.829 0.033 0.833 
23.918 13.541 -17.109 0.040 0.833 
23.957 13.402 -16.526 0.025 0.829 
23.701 13.183 -17.222 0.045 0.830 
23.683 13.093 -16.725 0.034 0.830 
23.702 13.007 -16.384 0.027 0.828 
23.600 12.785 -16.563 0.030 0.828 
23.654 12.566 -16.359 0.028 0.827 
23.701 12.130 -16.897 0.043 0.823 
23.833 11.928 -16.818 0.040 0.824 
24.054 11.790 -16.341 0.026 0.823 
24.046 11.530 -16.909 0.035 0.820 
24.092 11.467 -16.766 0.028 0.819 
23.946 11.386 -17.410 0.040 0.821 
23.909 11.231 -18.014 0.048 0.818 
24.293 11.043 -17.313 0.028 0.814 
24.498 10.459 -18.388 0.053 0.813 
24.971 10.358 -17.448 0.031 0.810 
25.192 10.172 -17.432 0.032 0.810 
25.419 10.028 -17.315 0.035 0.809 
25.784 9.704 -16.692 0.026 0.806 
25.950 9.621 -16.000 0.018 0.806 
26.108 9.459 -15.460 0.018 0.804 
26.121 9.265 -15.406 0.025 0.803 
26.183 9.173 -15.159 0.022 0.801 
26.057 9.400 -14.693 0.019 0.806 
25.984 9.189 -14.690 0.030 0.805 
25.858 9.172 -13.742 0.010 0.805 
25.718 8.917 -13.996 0.020 0.805 
25.794 8.822 -13.880 0.014 0.804 
25.833 8.846 -14.152 0.018 0.804 
26.223 8.792 -13.527 0.002 0.800 
26.326 8.835 -13.571 0.005 0.802 
26.585 8.759 -13.481 0.004 0.800 
26.526 8.669 -14.182 0.021 0.801 
27.017 8.492 -13.574 0.008 0.796 
27.481 8.093 -13.316 0.009 0.795 
27.291 8.101 -13.606 0.018 0.797 
27.052 8.173 -13.223 0.017 0.794 
26.714 8.242 -12.669 0.004 0.795 
26.503 8.193 -11.897 -0.009 0.794 
26.127 8.267 -11.411 -0.013 0.797 
25.904 7.842 -11.940 0.010 0.795 
25.999 7.682 -11.286 -0.006 0.793 
26.164 7.567 -11.235 -0.009 0.792 
26.482 7.546 -11.071 -0.010 0.790 
26.474 7.850 -11.555 0.003 0.793 
26.591 8.160 -10.830 -0.016 0.792 
26.236 8.410 -10.879 -0.016 0.796 
25.562 8.318 -11.351 -0.003 0.795 
24.269 8.138 -11.975 -0.005 0.798 
22.911 7.565 -13.472 0.017 0.803 
21.740 7.025 -13.759 0.027 0.805 
20.067 7.194 -13.417 0.011 0.812 
18.293 7.621 -13.464 0.004 0.819 
17.101 7.968 -13.523 0.012 0.826 
16.171 8.816 -13.022 0.012 0.836 
15.614 9.615 -12.555 0.001 0.837 
14.855 10.487 -13.090 0.016 0.847 
14.537 11.260 -12.584 0.008 0.853 
14.038 11.966 -12.771 0.008 0.856 
13.293 12.312 -14.549 0.054 0.862 
13.040 12.937 -14.498 0.047 0.863 
12.913 13.618 -14.764 0.043 0.868 
12.581 14.202 -15.612 0.056 0.874 
12.401 14.912 -15.473 0.047 0.878 
12.449 15.292 -15.693 0.048 0.878 
12.826 15.577 -15.702 0.042 0.879 
13.433 15.476 -16.125 0.056 0.877 
14.138 15.488 -15.880 0.050 0.877 
14.573 15.721 -16.042 0.055 0.875 
15.262 16.134 -15.440 0.042 0.873 
15.986 16.478 -15.215 0.040 0.872 
16.312 17.188 -14.961 0.037 0.872 
16.526 18.016 -15.298 0.049 0.877 
17.269 18.625 -14.394 0.032 0.875 
17.947 18.749 -14.898 0.047 0.872 
18.276 19.189 -14.360 0.032 0.873 
18.471 19.335 -14.992 0.043 0.872 
19.041 19.295 -14.569 0.032 0.868 
19.624 19.195 -14.442 0.033 0.864 
20.089 19.454 -13.980 0.020 0.864 
20.491 19.613 -14.561 0.036 0.861 
21.023 20.186 -13.791 0.012 0.864 
21.684 19.543 -14.916 0.043 0.855 
21.714 19.851 -14.252 0.020 0.859 
21.848 19.291 -14.636 0.030 0.854 
21.790 18.962 -14.974 0.042 0.854 
22.011 18.670 -14.283 0.027 0.850 
21.994 18.412 -14.578 0.035 0.850 
21.941 18.387 -13.889 0.016 0.851 
22.083 17.527 -14.122 0.027 0.843 
22.061 16.984 -14.179 0.030 0.844 
22.139 16.320 -14.300 0.030 0.840 
22.447 15.804 -13.868 0.015 0.839 
22.669 15.147 -13.833 0.013 0.835 
22.698 14.761 -13.812 0.008 0.832 
22.750 14.128 -14.916 0.040 0.830 
22.778 14.361 -14.214 0.016 0.834 
22.907 14.286 -14.361 0.019 0.833 
23.090 14.224 -14.629 0.021 0.830 
23.409 13.963 -14.708 0.020 0.830 
23.695 13.523 -14.417 0.019 0.822 
23.077 13.678 -14.079 0.017 0.825 
22.152 13.771 -13.478 0.019 0.826 
20.980 13.922 -13.559 0.041 0.830 
19.973 14.564 -12.128 0.015 0.835 
19.044 15.150 -11.959 0.027 0.840 
18.843 15.578 -11.823 0.022 0.842 
18.840 15.811 -12.029 0.031 0.844 
18.721 16.187 -12.350 0.033 0.843 
18.575 16.753 -11.870 0.019 0.845 
18.471 16.974 -12.318 0.028 0.847 
18.535 17.220 -12.583 0.028 0.848 
18.799 17.577 -12.481 0.021 0.849 
18.987 17.997 -13.019 0.032 0.852 
19.619 18.429 -12.617 0.013 0.849 
19.878 18.676 -13.989 0.042 0.850 
20.429 19.178 -13.427 0.023 0.848 
20.993 19.499 -13.442 0.019 0.849 
21.598 19.743 -13.625 0.025 0.849 
22.165 20.056 -13.888 0.034 0.848 
22.442 20.643 -13.882 0.037 0.850 
22.927 20.994 -13.275 0.020 0.847 
23.154 21.018 -13.312 0.024 0.848 
23.229 20.920 -13.165 0.018 0.848 
23.288 20.461 -13.658 0.030 0.846 
23.344 20.157 -13.623 0.026 0.845 
23.476 19.770 -13.892 0.032 0.843 
23.662 19.515 -14.053 0.035 0.842 
23.892 19.514 -13.836 0.027 0.841 
24.083 19.544 -13.625 0.024 0.840 
24.252 19.578 -13.367 0.014 0.840 
24.459 19.396 -13.186 0.007 0.840 
24.390 19.220 -13.734 0.022 0.840 
24.666 18.658 -14.103 0.029 0.837 
24.987 18.479 -14.495 0.022 0.836 
25.275 18.048 -15.039 0.037 0.832 
25.403 17.980 -14.597 0.023 0.828 
25.204 17.776 -15.036 0.035 0.830 
25.126 17.698 -14.226 0.010 0.828 
24.915 17.092 -14.616 0.024 0.827 
24.920 16.196 -15.101 0.041 0.824 
25.146 15.614 -14.202 0.016 0.817 
25.583 14.932 -13.890 0.012 0.816 
25.658 14.448 -14.374 0.032 0.813 
25.397 15.050 -13.417 0.007 0.818 
25.080 15.215 -13.129 0.008 0.817 
24.301 15.803 -12.743 0.005 0.822 
23.201 16.635 -11.960 -0.001 0.830 
22.141 17.157 -11.741 0.011 0.835 
21.712 17.401 -11.755 0.017 0.837 
21.653 17.504 -12.443 0.035 0.838 
21.883 18.366 -11.372 0.001 0.842 
22.205 18.623 -12.079 0.024 0.841 
22.798 19.201 -11.541 0.006 0.842 
23.023 20.188 -11.111 -0.007 0.848 
23.494 20.238 -11.653 0.012 0.843 
23.574 20.626 -12.196 0.022 0.846 
23.727 21.105 -11.610 0.002 0.850 
24.008 20.725 -12.094 0.022 0.846 
24.254 20.845 -11.501 0.006 0.846 
24.302 20.836 -11.693 0.018 0.845 
24.311 20.906 -11.266 0.022 0.847 
24.190 20.920 -11.000 0.020 0.845 
23.969 21.101 -11.116 0.020 0.847 
24.159 21.174 -10.848 0.016 0.847 
24.160 21.374 -11.135 0.022 0.847 
24.334 21.554 -10.775 0.014 0.847 
24.169 21.891 -10.890 0.019 0.850 
24.180 21.950 -10.821 0.017 0.849 
24.160 22.076 -10.533 0.012 0.850 
23.909 22.349 -10.452 0.019 0.852 
23.925 22.512 -9.891 0.012 0.850 
23.583 22.931 -9.243 0.002 0.852 
23.212 23.081 -8.946 -0.005 0.856 
23.079 22.588 -9.278 -0.005 0.853 
22.745 21.986 -10.301 0.000 0.854 
22.768 20.497 -11.324 0.018 0.845 
22.772 19.043 -11.789 0.022 0.839 
22.506 18.215 -11.246 0.001 0.837 
22.366 16.871 -11.873 0.026 0.830 
22.309 16.336 -10.593 -0.002 0.826 
22.359 15.361 -10.891 0.009 0.821 
22.382 14.414 -10.345 0.001 0.816 
22.036 14.084 -9.921 -0.012 0.820 
22.177 13.357 -9.876 -0.016 0.813 
22.391 12.823 -10.661 -0.000 0.813 
22.903 12.319 -10.339 -0.007 0.807 
23.320 12.094 -10.542 -0.012 0.805 
23.709 12.012 -12.241 0.004 0.804 
24.880 11.264 -14.715 0.031 0.797 
25.656 11.394 -15.367 0.023 0.795 
25.676 12.163 -15.737 0.022 0.801 
25.818 12.375 -16.492 0.027 0.799 
26.238 12.444 -16.161 0.020 0.801 
26.414 12.230 -16.900 0.042 0.802 
27.023 12.437 -15.146 0.007 0.800 
27.379 12.484 -15.352 0.027 0.801 
27.866 12.763 -14.603 0.011 0.801 
28.398 12.788 -14.211 0.017 0.797 
28.554 12.841 -14.483 0.027 0.799 
28.743 13.027 -13.376 0.005 0.802 
29.118 12.606 -12.931 0.002 0.798 
29.060 12.221 -12.571 0.008 0.796 
28.717 12.035 -11.894 -0.004 0.795 
28.158 11.816 -12.254 0.013 0.799 
27.819 11.261 -11.894 0.006 0.794 
27.379 10.652 -11.935 0.004 0.794 
27.029 9.925 -12.524 0.018 0.790 
27.128 9.546 -11.676 -0.002 0.786 
27.118 9.412 -11.947 0.007 0.785 
27.146 9.302 -11.989 0.008 0.784 
27.251 8.931 -11.740 -0.001 0.782 
27.149 8.557 -12.391 0.010 0.780 
26.946 8.695 -12.580 0.011 0.782 
27.136 8.754 -12.829 0.013 0.780 
27.453 9.037 -12.458 -0.005 0.781 
27.739 9.137 -12.618 -0.002 0.779 
27.898 9.354 -12.792 -0.005 0.781 
27.771 9.537 -13.884 0.015 0.783 
27.852 9.972 -13.763 0.012 0.784 
28.063 10.216 -13.708 0.005 0.784 
28.121 10.529 -13.811 0.009 0.783 
28.043 11.308 -13.634 0.006 0.789 
28.003 11.794 -14.146 0.022 0.790 
28.362 12.278 -13.709 0.010 0.790 
28.583 12.744 -13.824 0.011 0.792 
28.731 13.399 -13.583 0.001 0.797 
28.978 13.488 -14.061 0.011 0.795 
29.160 13.474 -14.201 0.012 0.796 
29.139 13.213 -14.679 0.022 0.793 
28.943 13.294 -14.537 0.015 0.796 
28.775 13.134 -14.882 0.021 0.792 
28.421 13.419 -14.876 0.015 0.796 
27.993 13.361 -15.458 0.030 0.796 
27.632 13.506 -14.916 0.017 0.797 
27.372 13.571 -14.863 0.010 0.797 
27.067 13.718 -15.327 0.021 0.800 
26.819 13.661 -15.889 0.032 0.797 
26.501 13.984 -15.886 0.022 0.800 
26.283 14.028 -16.517 0.033 0.799 
26.114 14.207 -16.747 0.034 0.801 
26.040 14.440 -16.250 0.017 0.802 
26.053 14.341 -16.494 0.024 0.800 
25.928 14.389 -16.949 0.038 0.804 
26.039 14.514 -15.496 0.016 0.803 
25.839 14.282 -15.163 0.030 0.799 
25.405 14.699 -13.795 0.012 0.805 
25.823 14.385 -13.179 0.003 0.799 
26.522 14.081 -13.211 0.016 0.800 
27.378 14.044 -12.697 0.004 0.795 
27.460 14.410 -13.510 0.016 0.799 
27.640 14.727 -13.488 0.005 0.799 
27.973 14.688 -14.390 0.015 0.796 
28.402 14.675 -14.338 0.015 0.798 
29.215 14.481 -13.801 0.004 0.796 
30.193 13.950 -13.637 0.008 0.790 
31.089 13.536 -12.790 0.003 0.782 
31.108 13.638 -12.980 0.015 0.782 
30.758 13.975 -12.433 0.004 0.784 
29.963 14.553 -11.967 -0.005 0.790 
28.221 15.775 -12.151 -0.003 0.797 
25.425 17.689 -13.685 0.022 0.818 
24.128 18.784 -13.664 0.009 0.829 
23.725 18.571 -14.455 0.029 0.830 
23.188 18.881 -14.466 0.031 0.833 
23.020 19.214 -13.766 0.019 0.832 
22.557 19.820 -13.694 0.022 0.838 
22.606 20.275 -12.913 0.015 0.838 
22.449 21.194 -12.127 0.010 0.843 
21.873 22.415 -12.736 0.018 0.851 
21.760 23.418 -12.766 0.017 0.853 
22.050 24.278 -12.383 0.012 0.856 
22.204 25.075 -12.824 0.017 0.857 
22.633 25.507 -12.942 0.014 0.859 
22.995 25.480 -13.430 0.025 0.857 
23.303 25.450 -13.654 0.028 0.858 
23.810 25.456 -13.175 0.013 0.857 
25.030 24.750 -12.468 -0.001 0.846 
25.541 24.440 -12.763 0.013 0.845 
25.669 24.692 -12.890 0.014 0.846 
25.974 24.823 -12.931 0.016 0.844 
26.177 24.991 -13.270 0.024 0.848 
26.534 25.243 -12.517 0.005 0.845 
26.657 25.417 -13.005 0.013 0.847 
26.886 25.630 -13.177 0.018 0.846 
27.371 25.939 -12.674 0.007 0.848 
27.732 26.332 -12.913 0.014 0.849 
28.269 26.527 -12.829 0.013 0.847 
28.895 26.758 -12.009 -0.003 0.844 
29.320 26.861 -11.910 -0.005 0.844 
29.467 26.870 -12.592 0.007 0.845 
29.830 26.805 -12.280 0.002 0.843 
30.058 26.885 -12.019 -0.002 0.843 
30.138 27.120 -12.060 0.002 0.844 
30.210 27.287 -11.945 0.007 0.843 
30.404 27.499 -11.230 -0.010 0.844 
30.597 27.373 -11.320 -0.005 0.839 
30.630 27.429 -11.178 -0.012 0.841 
30.728 27.341 -11.636 0.000 0.841 
30.955 27.195 -11.540 -0.007 0.836 
30.981 27.375 -11.700 -0.005 0.841 
30.992 27.575 -11.610 -0.007 0.842 
30.959 27.883 -11.718 -0.001 0.841 
31.059 28.234 -11.827 0.004 0.842 
31.372 28.629 -11.209 -0.010 0.844 
31.677 28.857 -11.516 -0.002 0.846 
32.306 28.747 -11.437 -0.006 0.840 
33.018 28.345 -11.675 0.003 0.838 
33.744 27.887 -11.015 -0.013 0.832 
34.130 27.587 -10.858 -0.012 0.831 
34.454 27.329 -10.249 -0.026 0.827 
34.711 27.005 -10.545 -0.016 0.827 
34.945 26.754 -10.931 -0.004 0.825 
35.111 26.528 -10.910 -0.003 0.824 
35.364 26.242 -10.781 -0.003 0.822 
35.598 26.017 -10.783 -0.003 0.818 
35.733 25.882 -10.895 0.000 0.817 
35.910 25.933 -10.537 -0.010 0.819 
36.173 25.904 -9.952 -0.024 0.814 
36.198 25.886 -9.911 -0.021 0.815 
36.194 25.923 -9.431 -0.032 0.816 
36.055 25.650 -9.873 -0.015 0.813 
36.032 25.351 -9.725 -0.011 0.811 
35.954 25.102 -9.637 -0.009 0.811 
35.973 24.940 -8.868 -0.023 0.810 
35.975 24.746 -8.485 -0.026 0.808 
35.979 24.420 -8.450 -0.022 0.806 
35.680 24.460 -8.308 -0.021 0.811 
35.780 23.886 -8.150 -0.020 0.803 
35.535 23.889 -7.458 -0.036 0.806 
35.386 23.371 -8.127 -0.012 0.800 
35.195 23.200 -7.603 -0.015 0.805 
35.077 22.874 -7.404 -0.021 0.799 
35.093 22.579 -7.026 -0.021 0.798 
35.103 22.196 -5.983 -0.037 0.794 
34.665 22.266 -5.586 -0.046 0.800 
34.337 21.965 -5.316 -0.043 0.802 
33.898 21.460 -5.369 -0.032 0.800 
33.505 20.903 -4.349 -0.048 0.794 
32.910 20.438 -3.392 -0.060 0.796 
32.384 19.555 -3.511 -0.057 0.791 
31.935 18.834 -3.472 -0.052 0.788 
30.829 18.928 -3.997 -0.045 0.794 
28.839 19.232 -5.479 -0.023 0.796 
25.700 20.272 -8.207 0.002 0.810 
22.267 21.474 -10.227 0.009 0.826 
19.730 21.819 -11.752 0.019 0.837 
17.942 22.064 -11.906 0.002 0.845 
17.063 21.428 -12.937 0.023 0.847 
16.681 20.979 -13.657 0.038 0.848 
16.273 20.800 -13.707 0.026 0.849 
15.797 19.735 -14.685 0.037 0.849 
15.547 17.329 -16.023 0.051 0.843 
15.780 14.365 -15.835 0.025 0.833 
16.185 10.724 -17.573 0.048 0.821 
16.771 7.932 -17.928 0.041 0.808 
16.671 6.479 -17.735 0.042 0.807 
16.805 5.127 -17.663 0.049 0.802 
16.899 4.643 -16.575 0.033 0.801 
16.300 5.026 -15.756 0.038 0.806 
15.632 5.961 -15.162 0.045 0.813 
15.145 7.515 -13.687 0.025 0.817 
14.351 9.421 -13.693 0.034 0.827 
13.868 11.289 -13.638 0.032 0.834 
13.630 12.800 -14.018 0.025 0.840 
13.877 13.519 -14.578 0.032 0.842 
14.516 13.672 -14.788 0.037 0.840 
15.027 13.799 -15.110 0.040 0.842 
15.758 14.017 -14.173 0.014 0.841 
16.816 13.333 -14.479 0.032 0.832 
18.252 12.669 -14.291 0.024 0.823 
19.323 12.107 -14.094 0.023 0.816 
20.052 11.999 -13.830 0.025 0.816 
20.597 11.910 -13.906 0.028 0.811 
20.995 12.182 -13.531 0.024 0.808 
21.582 12.500 -12.703 0.012 0.807 
21.747 13.216 -12.433 0.010 0.810 
21.637 14.214 -12.448 0.012 0.815 
21.822 14.902 -11.933 0.001 0.815 
22.414 14.876 -12.465 0.017 0.811 
23.034 15.007 -12.270 0.011 0.809 
23.989 14.914 -11.718 -0.001 0.804 
24.793 14.496 -11.979 0.015 0.800 
25.261 14.941 -11.084 -0.010 0.802 
25.609 15.093 -10.887 -0.013 0.803 
25.789 15.120 -11.240 0.002 0.802 
26.304 15.020 -10.677 -0.003 0.799 
26.643 14.931 -10.465 -0.008 0.796 
27.310 14.845 -10.062 -0.018 0.790 
27.753 14.788 -10.122 -0.014 0.787 
28.071 14.660 -10.327 -0.017 0.788 
28.216 14.486 -10.205 -0.019 0.786 
28.214 14.052 -10.867 -0.000 0.782 
28.312 14.235 -10.651 -0.006 0.784 
28.647 14.145 -10.403 -0.012 0.782 
28.951 14.214 -9.894 -0.016 0.781 
28.847 14.577 -10.331 -0.003 0.782 
28.807 15.306 -9.848 -0.010 0.784 
29.199 15.603 -8.944 -0.021 0.781 
29.272 16.110 -9.144 -0.010 0.784 
29.304 16.576 -8.935 -0.015 0.787 
29.507 16.471 -8.526 -0.020 0.785 
29.342 16.255 -8.799 -0.009 0.785 
29.188 16.205 -8.427 -0.021 0.784 
29.111 15.910 -8.304 -0.023 0.782 
28.794 15.734 -8.572 -0.011 0.784 
28.629 15.457 -8.389 -0.015 0.781 
28.306 15.625 -7.820 -0.030 0.783 
28.033 15.562 -8.222 -0.018 0.785 
27.906 15.632 -7.891 -0.026 0.788 
27.837 15.512 -7.881 -0.026 0.782 
27.560 15.785 -7.654 -0.031 0.788 
27.581 15.371 -8.340 -0.012 0.782 
27.429 15.783 -7.410 -0.036 0.787 
27.432 15.517 -8.316 -0.009 0.783 
27.405 15.843 -7.655 -0.028 0.783 
26.934 16.335 -7.779 -0.021 0.794 
26.710 16.463 -7.280 -0.031 0.791 
26.284 16.413 -7.660 -0.013 0.790 
26.019 16.729 -7.099 -0.029 0.795 
25.915 16.698 -7.052 -0.028 0.796 
25.909 16.272 -7.930 0.000 0.792 
25.837 16.227 -8.041 0.002 0.791 
25.746 16.449 -7.161 -0.021 0.793 
25.650 16.301 -7.428 -0.012 0.790 
25.201 16.419 -7.735 -0.002 0.793 
24.781 16.496 -7.539 -0.003 0.795 
24.464 16.526 -7.103 -0.012 0.795 
24.197 16.428 -6.941 -0.017 0.794 
24.014 16.676 -6.116 -0.043 0.800 
24.407 15.759 -7.466 -0.006 0.791 
24.920 15.587 -7.107 -0.019 0.787 
25.296 15.898 -7.044 -0.032 0.794 
25.925 15.924 -7.332 -0.014 0.789 
26.510 16.519 -6.596 -0.025 0.785 
26.775 17.242 -6.306 -0.032 0.791 
27.050 16.958 -6.941 -0.016 0.784 
27.080 16.928 -6.833 -0.021 0.786 
27.067 16.849 -7.397 -0.011 0.789 
27.337 17.038 -6.632 -0.039 0.791 
27.861 16.688 -7.048 -0.027 0.787 
28.668 16.238 -7.052 -0.031 0.783 
29.689 15.581 -7.133 -0.039 0.776 
30.340 14.781 -8.321 -0.013 0.767 
30.757 14.491 -8.183 -0.018 0.762 
31.117 14.501 -8.019 -0.021 0.763 
31.669 14.412 -7.243 -0.036 0.761 
31.887 14.409 -7.045 -0.032 0.759 
31.826 14.630 -7.070 -0.028 0.757 
31.621 15.170 -6.777 -0.027 0.760 
31.186 15.921 -6.868 -0.022 0.763 
31.008 16.545 -6.151 -0.039 0.765 
30.542 16.866 -6.658 -0.030 0.764 
29.883 17.265 -7.011 -0.028 0.770 
29.269 17.331 -7.323 -0.034 0.771 
28.595 17.136 -8.546 -0.020 0.769 
28.331 16.740 -9.185 -0.007 0.771 
28.370 16.603 -8.773 -0.016 0.771 
28.541 16.652 -8.263 -0.017 0.771 
28.536 16.755 -8.231 -0.005 0.771 
28.380 17.177 -7.415 -0.022 0.776 
28.307 17.357 -6.782 -0.033 0.772 
27.963 17.771 -7.036 -0.023 0.778 
27.760 18.102 -6.920 -0.027 0.782 
27.618 18.097 -7.063 -0.017 0.780 
27.235 18.776 -6.165 -0.041 0.786 
27.153 18.401 -7.250 -0.003 0.783 
26.930 18.791 -6.110 -0.034 0.786 
26.640 18.980 -6.001 -0.032 0.787 
26.438 19.166 -5.673 -0.037 0.787 
26.488 18.873 -6.197 -0.014 0.787 
26.626 18.789 -5.721 -0.020 0.784 
26.747 18.665 -5.250 -0.026 0.782 
26.746 18.545 -5.569 -0.010 0.782 
26.745 18.648 -4.818 -0.025 0.782 
26.554 18.809 -4.938 -0.022 0.784 
26.422 19.228 -4.470 -0.037 0.788 
26.465 19.365 -4.400 -0.045 0.790 
26.972 18.628 -5.687 -0.016 0.784 
27.317 18.667 -6.008 -0.029 0.783 
27.716 18.584 -6.985 -0.034 0.780 
28.026 18.679 -7.848 -0.032 0.782 
28.587 18.307 -8.723 -0.012 0.779 
28.926 18.209 -8.481 -0.019 0.780 
29.269 18.002 -7.929 -0.028 0.775 
29.324 18.056 -7.899 -0.032 0.776 
29.716 17.702 -8.165 -0.024 0.771 
30.144 17.345 -8.374 -0.020 0.771 
30.332 17.125 -8.793 -0.017 0.770 
30.693 16.621 -9.600 -0.007 0.764 
31.023 16.217 -10.868 0.004 0.763 
31.392 16.299 -10.301 -0.016 0.765 
31.602 16.141 -10.440 -0.014 0.761 
